id,pu_area,pu_count
1,416.0,416
2,137.0,137
3,164.0,164
4,28.0,28
5,53.0,53
6,6.0,6
7,4708.0,4708
8,583.0,583
9,541.0,541
10,442.0,442
11,696176375.1817237,112
12,625006938.8538198,28
13,767589545.7386392,58
14,1392596484.592459,86
15,767589545.7386392,58
16,767589545.7386392,58
17,767589545.7386392,58
18,1178758501.3739996,40
19,1814274118.7548528,152
20,810728309.9843729,95
21,857731848.3976198,44
22,5039767853.390026,386
23,1227113300.4666169,48
24,625569675.75022,28
25,873031803.0157481,161
26,4990466554.420721,253
27,1609648728.0356011,180
28,799447773.3977798,155
29,802610375.1186894,163
30,928778993.2252923,81
31,928849943.4380518,75
32,1775935754.2819343,149
33,928849943.4380518,75
34,10253316545.7636,626
35,793078894.6748959,60
36,2298717217.9356027,185
37,1664511047.5371008,145
38,1477948777.3605647,106
39,684848490.1664474,89
40,755311438.243707,67
41,705503542.1621139,87
42,871388844.0245533,77
43,736267391.862071,107
44,1632265757.3274086,175
10015,114149590.31868301,31
10016,1376366517.9681387,312
10017,1895814332.5811996,57
10019,3431423647.66098,126
10022,13011735549.825249,458
10023,1657180.0326,3
10025,1886870172.0602796,139
10026,13713538769.077345,764
10027,1006737073.1547532,58
10029,15554294890.054247,499
10032,296911006812.15686,6859
10033,3136221419.0829988,121
10035,1780852360.754745,169
10036,13520234981.343107,951
10037,1291772092.0385697,68
10039,272722617268.02554,6006
10042,271936955443.6043,6746
10043,23939153554.525524,988
10044,267917.2537,1
10045,2452196687.4116855,171
10046,24387453225.537376,1355
10047,5373169209.555458,163
10049,76148268952.09406,2004
10052,215188493586.4738,5425
10053,193231232923.56796,4877
10054,241554194.3869,17
10055,491229111.3498309,44
10056,11966118272.363283,906
10057,942971558.8241384,53
10058,9072939.9389,3
10059,845132591.4482688,61
10062,49086610922.90427,1603
10063,49898585131.45931,1640
10064,29478526.91259833,5
10065,306802892.6702,19
10066,8961764110.647957,647
10067,471725064.45840013,25
10068,615617881.7369728,183
10069,211864838.43930998,19
10072,1256203367.2617874,239
10073,10659142542.912725,378
10075,77179010.458,4
10076,3273921888.8262615,225
10077,20361628.904189304,6
10078,9402939175.842108,311
12911,26887677.301785197,86
13111,39841362.31121729,101
20012,137208669.74822572,37
20013,828590.1985,1
20015,446835881.33748007,83
20016,2657546898.520281,539
20017,143346101.51286,8
20022,96108223199.58038,3024
20023,1342890698.6407187,152
20025,7454461494.996788,471
20026,32644670270.422123,1846
20027,693776306.5271416,29
20032,237726881724.52548,6000
20033,96710493032.4428,2506
20035,5667819841.255166,418
20036,22452959475.707375,1561
20042,43611536489.95388,1576
20043,13581558271.396473,684
20045,4257450401.1985903,258
20046,11715163227.30785,776
20052,6107182555.477155,292
20053,5096836021.141004,262
20054,167010772.9756,12
20055,409988815.275094,40
20056,3661112828.894562,229
20062,3278506830.0632586,171
20063,3621527769.58776,185
20065,46734909.113479994,6
20066,1920683371.39434,134
20068,343020940.36711514,51
20072,151727838.03456676,35
20073,1859525526.9290795,70
20076,420357761.9175799,45
20078,1707797689.2835689,65
21811,135689574.7580677,95
21911,62698071.94636219,75
22011,96134226.25436884,89
22111,4027067.1324791005,29
22211,9842979.476533199,63
22311,34723182.23711459,106
22411,2050876.6816059798,16
23711,10001933.26991,8
30012,876333574.9513408,43
30013,330662102.42136705,47
30015,390078614.6092493,63
30016,1821513975.606942,355
30019,876333573.9803399,43
30022,11061232724.4035,452
30023,9325744659.79172,310
30025,4627249499.0057125,341
30026,23175461334.541504,1385
30029,9806512853.764944,381
30032,25631734749.653595,1055
30033,1514407517.4113011,117
30035,6310034159.599118,496
30036,26211700016.14183,1734
30039,13419098442.698019,528
30042,80739683085.8924,2333
30043,25726432905.907993,1551
30045,8425667366.306089,521
30046,36372876903.07543,2152
30049,2945052066.7504864,204
30052,64615389117.993965,2023
30053,80279319670.68793,2571
30055,2895983891.920419,205
30056,16716038328.502514,1155
30059,1748013.18151,3
30062,35563319800.783485,1258
30063,42337838560.51266,1567
30065,1054731634.8398299,97
30066,10159415831.803934,756
30068,882364750.8397946,311
30072,758498898.2736874,270
30073,29742837744.42596,858
30075,194969367.53917003,26
30076,15274810490.603062,630
30078,28712020516.770042,775
32511,15742635.327643098,90
32611,57262275.156501725,61
32711,201756557.8463617,210
32811,29979982.921073,55
33511,20029577.897123,53
40012,43757028.117699996,12
40013,726451415.557344,58
40015,430745079.94323003,61
40016,1334453492.2985735,159
40017,591912998.4708999,26
40022,11907477214.204004,393
40025,2689015243.3995414,215
40026,8616532009.00285,429
40027,934560414.8770901,42
40029,62144264.431750014,6
40032,136427736446.2504,3162
40033,8224897.5178,3
40035,3370380893.047608,279
40036,3589767979.878632,286
40037,284933752.36726403,24
40039,56078375088.413574,1269
40042,110820572625.79483,2755
40043,38342210697.578896,1190
40045,9356644116.943703,422
40046,3656705767.814559,212
40049,19834319447.201748,610
40052,162718221633.54453,3600
40053,162718307507.8894,3599
40055,1127489643.88918,53
40056,2563461.981487,5
40062,12130875.72602,3
40063,12130875.72602,3
43211,115885948.2566221,37
43611,749894120.6906403,156
50013,1225561078.3716002,37
53311,280604004.23329216,87
53411,2252052685.1566143,403
100110,3254795631.83595,141
100114,10553478591.113316,497
100115,155158275.47250003,22
100116,2160301242.4165025,376
100210,9637339443.183924,410
100213,11600262.782300001,2
100214,288423399.4628631,166
100215,22877145.239985,12
100216,23522336606.77301,917
100310,12741370299.863613,612
100313,558319172.010004,30
100316,15577025046.080324,762
100320,2833073.3817000003,3
100410,13384269094.384964,605
100413,3680431201.81796,153
100416,9170147252.388384,424
100419,790678738.746262,91
100420,11006477545.944551,370
100510,10231833679.199183,447
100513,3640577470.1883745,169
100516,708869983.7108768,60
100519,13062762662.217253,451
100520,4059373382.8725863,385
100610,47795036.520431004,17
100613,375229875.665866,46
100616,196356242.74341002,19
100619,10816903921.416763,346
100620,23948042555.276928,820
100719,854541258.7808098,45
100720,9804601283.979004,333
129123,1908392056.9137955,171
129141,6551775.111,7
129142,491610.5719,1
129144,6451088.6137,7
129146,13728760.665,4
129149,404255.49809999997,2
129151,37681418.896,7
129153,40009696.25270001,6
129155,11182915.8793,5
129163,126045.90906,2
129166,22508.07549,1
129183,1908765.9750199998,2
129195,10389280.478,2
129197,19776001.078022,12
130123,1175344751.2393248,104
130132,94757971.2988,13
130133,1107550044.2055,37
130134,5389630.930708001,6
130135,13824638.028455,16
130136,130059812.83497,35
130137,1987072.24979,9
130141,40420793.243650004,48
130142,18325652.6389235,11
130143,885926.475776,5
130144,173111046.55432796,48
130149,59530761.43073699,33
130151,17168151.96165,34
130153,590248350.092275,39
130155,82786286.87324001,41
130163,1443287.1521655999,29
130164,2328925.71849,8
130166,5394.9009320000005,1
131123,6303878351.765312,277
131197,873912163.8518203,58
131199,7407360.662,3
200110,6235455757.500914,333
200113,33972196.59889,8
200114,18498954696.49809,1157
200115,550008014.0911512,71
200116,6120047712.35441,945
200117,559298372.2699301,39
200210,29774538126.608913,1155
200211,307271447.43155104,21
200213,1482750720.1156504,77
200214,2196413269.9295173,481
200215,874004917.419235,61
200216,61050350564.69332,2148
200217,11524633587.779156,379
200218,1266259906.943558,52
200310,14501520675.608055,708
200311,1895803508.1449718,122
200313,1457543979.0505958,112
200316,8702422087.435919,635
200317,13678862913.026535,478
200410,6152965457.292093,353
200411,550593861.513321,47
200413,1218864679.80711,61
200416,1256427009.6719682,119
200417,1247537002.241876,92
200510,28583803.936160006,11
200513,2632418.7258,3
200516,54022479.0796,7
200519,547768513.6570221,78
200520,282806493.31389976,34
200619,2139662236.9609597,118
200620,1408600717.967971,67
200719,1056747845.4163679,38
200720,802777681.51271,32
217123,931245411.9847201,72
217137,1053792.56984,3
217141,30276324.515599996,31
217144,122420608.30157666,28
217149,17856135.485651,10
217151,19848000.406902,21
217153,285955386.47708577,21
217155,62742590.5794,23
217156,898.1079647,1
217163,659853.254411,13
217164,8482313.0121,6
217165,13184243.777499998,12
217166,337545.6801,4
217173,235507.3719,1
217176,443149.2678,1
217181,355058.4062,1
218123,3571787125.945945,222
219123,4082403894.4988527,228
219137,233236.06670999998,2
219141,5140086.387360001,8
219142,338586.23938000004,3
219144,11934502.4553,7
219146,1554347.2130999998,4
219149,576409.9442500001,2
219151,588116.2128999999,2
219153,40776019.2232,8
219155,2504295.25845,7
219160,99971.15911000001,1
219163,141384.815317,4
219164,185532.0459,1
219197,537653952.3152819,42
220123,1397844685.137434,126
220173,1858148.71139,4
220176,6561044.7247,4
220179,162473.3407,1
220181,3734495.09887,4
220184,500885.786233,2
220186,1939000.5796149997,4
220187,4833839.466,3
220197,426725911.59845996,43
220199,43172666.268076,13
221123,141222925.42522097,37
221197,3560551.1797,3
222123,625077485.5050827,90
223123,5846019420.293768,287
224123,1098819930.878971,137
237123,4247757901.7432756,178
300110,870597472.2734998,42
300113,310721317.49009997,17
300114,41351715029.95693,1473
300115,971486095.8185675,99
300116,13123579427.23196,915
300118,805843387.6900998,41
300210,10627374249.671118,428
300213,1281025887.94408,73
300214,5043820933.097306,473
300215,993986682.07942,72
300216,57941375845.87796,1943
300217,60487083.6758,6
300218,839837484.8071759,46
300310,9803121753.357183,485
300313,2331364829.3970785,141
300314,22007131.531740002,4
300316,27848420636.146523,1187
300317,929134629.3597363,86
300318,1051094581.7097002,48
300410,1936424475.2757788,159
300411,1356776927.6173842,95
300413,2463293035.3736563,155
300414,4569.814577,1
300416,27431276956.472958,1133
300417,11864476363.342571,401
300418,7510495.034209,8
300420,24017935.86983,4
300510,5681573825.398543,210
300511,382827403.26574004,41
300513,9529863.66327,6
300516,16192518750.39478,711
300517,594368413.2394298,53
300518,491145538.3535901,19
300519,68280059.892677,8
300520,3414058638.0133247,199
300610,1238472539.7611282,91
300616,5892062761.640963,354
300618,146990995.00189996,11
300619,15187301392.41015,738
300620,6106780713.525053,202
300716,272318331.594716,80
300719,29722774016.39589,848
300720,19820824.037965,10
325123,1609481226.2116115,131
326123,15098367810.403177,564
327123,15644914840.373522,565
328123,2832738396.840965,234
335123,7953044491.617952,310
400112,43757027.6761,12
400114,52729595177.099976,1384
400115,1138634895.7605553,85
400116,2732412923.9413066,269
400121,247868319.49689993,41
400212,11836582005.921103,387
400214,813677284.0203186,100
400215,39770844.404,3
400216,19370630093.774315,651
400218,248528699.987,10
400310,1330831449.6948,48
400312,80105264018.8005,1875
400313,11557925.651,3
400316,7085430315.5784445,347
400410,110273977.71757,21
400412,36816867781.06067,945
400413,50559723.9369,7
400416,2966478374.6000605,126
400420,11214935590.647842,351
400512,6731943633.35205,235
400516,2886122.8652000003,3
400520,705311954.7381439,89
431121,9564275.778940002,5
432121,76868141.11399,17
432122,373351552.30625004,32
432123,8716954031.926857,248
436123,6330610862.447384,293
500114,28112108376.105286,634
500115,166262235.7435,18
500121,31000384.710839994,11
533123,22797476062.99597,531
534121,2664670.705,2
534123,33274333487.75733,874
1291111,676195.0994,2
1291115,2108951.9644299997,6
1291118,3842728.4286849992,7
1291194,72956.769585,5
1291208,24310.833987,2
1291209,1100345.98041,5
1291240,1745487.2812,6
1291245,5510433.356657,16
1291248,682670.15331,4
1291250,7355221.02326,7
1291251,180987.28845,2
1291252,88105293.00362104,106
1291253,367381.53781,3
1291254,63362236.21490696,96
1291256,3882374.7476500003,21
1291268,1709448.1094,4
1291270,439413.28017000004,4
1291272,46833.885451710004,3
1291274,4885223.941197901,6
1291296,26779591.200899996,23
1291297,21649673.72881,10
1311102,7815266.91385,13
1311106,4076943.0265500005,8
1311108,472638.429924,5
1311109,1247957.39879,2
1311111,18655818.508685023,33
1311113,20370136.574502796,30
1311115,50405883.329904,34
1311116,15284604.952054001,26
1311118,10301671.550999999,15
1311141,1229315.3657,3
1311143,531862.11526,3
1311194,6299123.781190582,29
1311198,354298.29673,3
1311204,5300843.48855,11
1311209,11750099.695177998,21
1311210,17072.379380000002,1
1311212,3631155.8537799995,36
1311222,1201192.4543,4
1311227,870572.4204005001,6
1311230,698145.2136,3
1311240,5504091.574469999,15
1311245,1637581.88853,11
1311248,11900355.823746996,58
1311251,3097289.0394100007,5
1311252,5067250.176969999,19
1311253,1717183.99748,2
1311254,23131286.069266,35
1311256,6215862.802430149,14
1311260,1573010.6468000002,3
1311262,1811206.08353,4
1311268,1809146.51827,6
1311270,9826040.634791998,25
1311272,2571289.68741,3
1311274,934983.0754,2
2171252,3705895.47,5
2171254,5159006.033570001,5
2171256,4243159.995,4
2181512,163665.3154,2
2181515,1237233.67808,6
2181518,390252.22714,3
2181519,13242585.715470001,20
2181521,22766027.1913,26
2181523,1369910.73699,5
2181527,4796343.30396,11
2181565,117799.59853,2
2181605,120692.5664,1
2181611,763960.0108,2
2181616,507257.59712,4
2181617,63818.737810000006,1
2181619,4626637.99786,15
2181687,1046518.777763,3
2181693,76421.084222,2
2181696,873894.9805000001,2
2181700,689595.07941,3
2181703,2153378.8583,2
2181771,80098.0502,1
2181772,16543051.667809997,23
2181774,14694765.609288996,26
2191102,7308233.36404,16
2191103,208959.69256,2
2191106,37598257.85977001,31
2191107,12975256.6533,6
2191108,2910152.4881200003,12
2191111,31270701.36013,25
2191113,29525968.471444998,20
2191115,71919862.003146,41
2191116,28438988.857559998,23
2191118,51023131.87663999,46
2191146,406143.22967000003,2
2191147,5931994.332300001,4
2191149,2145994.350886,6
2191154,6248015.6503,6
2191155,17225842.841009997,8
2191157,459288.11575,3
2191190,4905232.37214,5
2191194,17427038.676176008,39
2191216,26120.91144,1
2191219,1021406.0821,4
2191221,1605965.71503,4
2191222,4552889.3358000005,6
2191223,1102382.3354,2
2191224,1564410.8368000002,2
2191227,22864825.353512,38
2191228,3880126.60653,12
2191229,7676304.03011,9
2191230,20829589.579021994,55
2191232,2312814.1069,2
2191233,7458280.561000001,1
2191234,573757.10075,2
2191235,3310131.20309,9
2191240,19481209.310895007,28
2191244,12610.04789,1
2191245,45316180.96456629,49
2191246,11615163.9980772,22
2191247,14153138.6289,6
2191248,15565192.1027553,40
2191249,118869.5022014,3
2191251,2154413.23177,9
2191252,14922219.0309173,25
2191254,35667097.29863399,37
2191256,8267200.057973999,25
2191268,5223899.8506000005,12
2191269,24513291.0616,9
2191270,40761434.11575791,45
2191271,8899062.896,1
2191272,13674094.6433258,13
2191274,14621666.5362,28
2191275,148589.2827,1
2191292,10756941.335919,4
2191296,26918870.572120998,25
2201100,6859461.326199999,3
2201102,60194211.315674,27
2201104,586005.12806,2
2201106,2386590.838,1
2201108,1240359.686869,3
2201111,4542835.1830899995,8
2201113,4422234.623199999,3
2201115,11576462.362499999,10
2201116,16662232.798700001,10
2201117,866438.0672,1
2201118,28268154.004480004,9
2201147,378626.343764,3
2201150,3608999.9154829998,8
2201155,8469925.4082,6
2201156,1788858.3233400001,4
2201158,155573.7518,1
2201159,240030.78693999996,3
2201160,2033070.465,4
2201161,4368142.616,3
2201165,34504363.271680005,18
2201166,17957892.705002,15
2201167,45227190.92921,23
2201168,48218738.98785,20
2201169,34291314.907460004,10
2201190,7065037.860238001,9
2201194,6390660.751469999,8
2201197,10927426.0624,4
2201204,4550007.010876,6
2201208,131151.40378,4
2201209,8441700.179421,16
2201210,4711996.273899999,5
2201212,3684232.6420600004,11
2201240,1176048.6612,3
2201245,3102693.9449,5
2201246,1025930.53454,4
2201248,1395616.71116,11
2201251,4353535.494611,15
2201252,37173163.132164,51
2201254,81642091.20274803,73
2201256,22954885.351137497,35
2201265,4062692.2063999996,5
2201268,2541110.45967,7
2201270,22072186.760180004,23
2201271,37457044.095470004,9
2201272,40315589.03477,13
2201273,795093.4068,3
2201274,15488447.387408,11
2201282,2592758.6019,2
2201296,72884850.15704998,28
2211115,1140815.7079,2
2211116,136758.7329,1
2211244,44985.13353,2
2211245,1132718.68574,10
2211250,1148104.61243,3
2211252,1460293.5590300001,8
2211253,16207.290719999999,1
2211254,19725387.755170003,31
2211256,1288496.59346,4
2211262,162063.3984,1
2211270,234105.7636,1
2221245,213454.49129099998,5
2221252,5684837.023080001,14
2221254,5992998.048291301,17
2221364,12637691.858299999,3
2221369,2773041.9960000003,2
2221430,95465.59852999999,1
2221432,1916537.3187,3
2221434,3661052.853836,3
2221435,599813.9098,1
2221477,787144.1854,1
2221489,706988.6159999999,2
2221494,1146493.9208,2
2221497,50434.54199,2
2221518,144065.6474,1
2221519,797794.13072,3
2221521,3247917.892,3
2221527,1867921.0849900001,6
2221531,24694360.886,5
2221537,3632252.9463,6
2221539,852899.4687000001,2
2221565,389960.5766,1
2221580,245819.0604,1
2221601,118861.49732000001,3
2221611,238633.281395,3
2221616,1405804.9639,4
2221617,135090.1858,1
2221698,226909.4301,1
2221703,149471.8804,1
2221740,285438.8644,1
2221745,671726.4968,1
2221771,36925.12991,1
2221772,5796734.468160001,11
2221774,5327008.803510001,14
2221780,4157053.27811,9
2221782,4913609.98048,9
2221784,3440953.2433499997,12
2221794,433112.402,1
2221821,1173270.1,1
2231240,28803.950189999996,1
2231311,1665613.946,1
2231318,4499.331555,1
2231320,6999890.908,1
2231330,5399.079961,1
2231364,1851826.325264,2
2231382,4740396.99239,13
2231461,69245.207234,2
2231494,253609.50419,3
2231501,37764.35068,1
2231507,812946.6308200001,4
2231512,1007101.0023199999,5
2231515,1195119.37498,5
2231526,896609.7273799999,4
2231527,10820815.36941,20
2231529,22847391.8654382,26
2231531,6148135.721364999,9
2231537,569032.165,1
2231558,52096.25003,1
2231561,7706301.006529998,23
2231565,1036223.895857,24
2231580,4247314.856803,13
2231583,1045588.0893500001,9
2231587,140262.204476,5
2231590,10527588.18629,6
2231592,6324471.913199999,6
2231593,7309354.319290998,47
2231595,970903.3491700001,6
2231598,47017004.61709302,118
2231601,16845452.025043,115
2231616,529083.29372,8
2231666,399698.22848,2
2231667,731181.78961,2
2231669,651167.253,2
2231674,3456234.34783,4
2231675,138319.6796,1
2231676,1084987.174,1
2231693,230408.65739,4
2231696,6199645.070909999,20
2231698,1544652.85515,5
2231700,11271781.584249,27
2231703,7019554.2663,22
2231735,2913972.1792,2
2231736,2090966.2577999998,2
2231743,448923.18559999997,2
2231745,8484653.912901,6
2231746,964183.7266,1
2231779,702393.50191,6
2231780,2551263.47949,20
2231782,60957244.543032005,72
2231784,12740402.453410001,31
2231790,2947997.86329,6
2231792,3775304.5945499996,6
2231793,17047211.124929998,10
2231794,44584484.047942005,56
2231795,5075040.0493,8
2231818,43469639.8953,7
2241346,3069585.0763680004,4
2241351,6619242.541999999,2
2241382,483648.7894,2
2241385,5859013.0177,10
2241497,533985.74112,5
2241512,420518.11904890003,6
2241515,260304.95403,4
2241518,1411134.4842100001,5
2241519,4629227.0111,10
2241521,17566171.828075003,22
2241527,1951425.0247199999,6
2241529,7690381.9112559995,8
2241539,169260.8762,1
2241565,477175.7082899999,5
2241579,422257.39192,4
2241580,1136260.2018499998,7
2241583,10808.35751,1
2241601,19805.6123,1
2241616,290913.843,1
2241619,1053721.36065,11
2241687,2193228.655363,4
2241693,548307.00398,3
2241696,783448.3157300001,4
2241698,804000.9545100001,4
2241700,2628792.72384406,13
2241703,2222482.40216,6
2241771,3483062.690761,6
2241772,5669604.92926,18
2241774,14664637.214697005,35
2241787,1243351.9891000001,4
2241788,314341.7272,1
2241790,3809271.4493440003,10
2241794,1519738.8833,2
2241818,42559052.12150001,10
2371364,2544265.4526,3
2371369,1080566.71838,3
2371375,70238.10428,2
2371378,850949.91459,3
2371382,5842187.8078000005,5
2371385,4696063.28605,10
2371461,300755.87064599997,6
2371489,1135534.14868,3
2371494,10141847.1504,15
2371497,7286239.015107,14
2371500,231108774.41510004,14
2371507,100871.7796,1
2371512,429585.46831,5
2371515,963512.491826,9
2371518,1184097.7820000001,3
2371519,6272100.564479001,15
2371521,28385576.350249995,24
2371523,2625960.4675600007,7
2371529,2170966.41732,4
2371531,2025966.288,2
2371565,350112.47946,12
2371580,1554520.7662,3
2371583,400322.76504,3
2371584,4795958.38222,3
2371587,829529.0549999999,2
2371593,2205668.76672,16
2371598,25474672.920766406,30
2371599,1028449.421,2
2371601,9446745.864868999,37
2371603,25773285.4372,11
2371611,180067.58652,2
2371616,374556.87801,2
2371619,16924190.559018,52
2371687,1245170.24,2
2371688,64814.255829999995,1
2371696,2478933.2684344,7
2371700,2885547.6372299995,8
2371703,5119739.11122,10
2371755,892510.4929,2
2371756,326593.43738,2
2371764,484937.71940000006,2
2371774,982092.93947,3
2371779,3983069.3488029996,5
2371782,32861797.61637701,32
2371784,1945981.8756,5
2371788,690002.5202500001,3
2371790,5293305.0498,3
2371794,10007697.73528,13
2371804,283402.7879,2
3251565,609263.3292350001,11
3251580,1718599.0900073,10
3251593,221854.38786000002,3
3251598,778769.1562500001,7
3251601,471671.088688,9
3251605,90805.40959,1
3251611,1343978.6783299998,11
3251616,7567355.120738999,25
3251619,2337515.1478979997,15
3251680,1310386.5368000001,2
3251687,8815720.8028,9
3251696,913335.0373569999,4
3251698,512397.93902,4
3251700,3140054.8806999996,4
3251754,2890198.75043,8
3251755,8155914.516770001,8
3251756,440416.65478,3
3251769,26986.19738,1
3251770,903960.7408,5
3251771,1265975.13406,9
3251772,12497888.419015003,46
3251774,27483645.059263997,65
3251776,311503.27486999996,3
3251780,245294.35171999998,3
3251782,3776114.2858999996,12
3251784,42319.67562,1
3251790,2082882.8112800003,12
3251792,45843.193210000005,1
3251794,1340114.12932,6
3251818,27018466.738399997,10
3261300,305372689.035,14
3261302,4919306.8396000005,4
3261303,27933497.223927997,10
3261308,5920217.3947,7
3261309,817593.1221,3
3261311,11587520.375909999,13
3261313,9802122.94949,10
3261316,17231049.462960616,15
3261318,10787515.649050001,8
3261320,456455559.0402,20
3261322,33569599.8566,9
3261327,123382.18698,2
3261330,2592311.0203199997,9
3261331,2008847.7858710003,5
3261333,280030.66868,2
3261337,69895683.929,6
3261364,64873642.0769,11
3261366,166823050.02806,12
3261367,7972237.3044,4
3261369,2270638.57948,8
3261370,244989.18797000003,4
3261372,50276430.882800005,13
3261373,34499258.6178,7
3261375,950167.6327800001,4
3261378,17230086.327058,21
3261380,34546831.2769,13
3261382,16783264.554500002,22
3261383,11752260.352908771,9
3261384,821432.0485990001,3
3261385,14803415.273798,21
3261457,1491554.6489000001,4
3261461,51337.71045,2
3261476,103574.9573,1
3261479,2765969.3644000003,7
3261481,8632416.53294,7
3261489,2997449.3815300004,7
3261494,2580447.8525900003,11
3261495,332361.3619,1
3261497,5016867.8685800005,17
3261517,1504963.207,1
3261518,143963.79765,2
3261519,25220677.75901,43
3261521,19517417.9548804,39
3261523,14817906.05926,11
3261526,2013079.07244,3
3261527,6050031.7959,9
3261529,13841099.642,14
3261530,16497992.35651,4
3261531,15528382.019000001,4
3261541,46360085.96443,21
3261565,1990298.109,6
3261603,609393433.4046,67
3261608,3727687.883595,10
3261610,2120173.5996600003,10
3261611,5982205.606127999,20
3261616,19007769.687160097,86
3261619,47918945.1091675,189
3261624,161693611.15229997,15
3261626,2417638.297,1
3261629,6249377.8465,11
3261631,3492804.33294,6
3261633,28275448.268799994,37
3261634,8345942.7075,7
3261636,31151177.74453001,58
3261687,10982084.170433,18
3261696,11790145.216699,20
3261700,10541081.073450001,17
3261701,18934993.740870003,15
3261703,20820853.1167,16
3261807,1272396.2501400001,8
3261810,59361.09231000001,2
3261811,2096617598.7389157,70
3261812,7730764.5787,6
3261817,303056342.73647004,18
3271461,86350.11947,1
3271476,992383.6823201,8
3271494,14379624.778698403,37
3271518,1447174.3140419999,4
3271519,59302804.26598,62
3271521,101243638.58464247,104
3271523,51891352.93579001,40
3271541,1714070.5690000001,1
3271565,971673.7877479999,11
3271580,145475.4319,1
3271603,43413272.44544999,20
3271608,5581424.41813,15
3271610,6751151.8225,15
3271611,490414.79957000003,4
3271612,968985.9112,2
3271613,1111138.44624,3
3271616,51845130.90565999,138
3271619,34755755.47770998,167
3271624,6903694.604164,5
3271631,72888.90842,1
3271633,4404037.180335,13
3271636,9713959.9846,9
3271696,128773.90307,2
3271700,398930.1444,2
3271703,707813.2058,2
3271771,2119472.8176800003,4
3271772,16263726.64132,30
3271774,76721481.34123121,80
3271775,33109282.07754,14
3271782,522386.00899189996,2
3271790,397195.07776,2
3271794,10215522.639346998,20
3271818,1414714.36287,2
3281304,969135.842576,3
3281308,14971535.633040002,21
3281309,2236481.02603,3
3281311,54224003.744689986,23
3281313,32062114.460288,18
3281314,21615.88968,1
3281316,20004043.795999996,6
3281318,6281286.73376,10
3281320,124063833.8806,15
3281322,25765457.59710001,12
3281323,2761173.2568,3
3281330,382560.225406,7
3281364,5826425483.975542,211
3281369,13861011.327127999,26
3281370,134184.601138,3
3281373,98133477.59489,65
3281374,104281210.75571898,43
3281375,11822825.115538998,9
3281376,7032560.7774,7
3281377,5799810.53538,5
3281378,134013113.67658,102
3281379,8905785.4891388,7
3281380,176628153.13281596,76
3281381,7771798.560401999,17
3281382,213697949.17150018,111
3281383,308597164.59317505,107
3281384,34789696.89392,19
3281385,148746805.29511395,48
3281417,4173258.1830539997,7
3281420,3240291.4990300005,7
3281422,12592995.21529,8
3281423,8916994.60779,7
3281426,272919.44372,2
3281430,618657.2154999999,4
3281432,1898713.3605,2
3281434,2151815.0205800002,3
3281435,9707037.441599999,4
3281437,404378.401069,8
3281441,31881838.256200004,11
3281443,3836804.41627,11
3281444,25958474.528302003,12
3281445,34989690.9484,11
3281461,565645.4026,3
3281463,89076505.06679,24
3281465,172917.1274,1
3281471,8440291.36533,20
3281474,1260485.0187,4
3281475,1963218.5718399999,59
3281476,37721422.216189995,61
3281477,74076546.71870999,21
3281478,19424846.552180003,6
3281479,54768625.32524099,105
3281519,9602706.346052,24
3281520,1345364.571713,10
3281521,12268593.64839,15
3281523,4559165.9591,6
3281534,628689.27931,5
3281535,38687487.35374,35
3281537,113569521.8722231,57
3281538,47742236.59975,16
3281539,57987108.91448,23
3281540,19014845.076080002,18
3281541,14738772.839317998,23
3281544,4070119.4069999997,7
3281550,805782.2717,1
3281565,705107.95083,2
3281611,11354047.386899998,8
3281616,7972636.56058,11
3281617,6464083.63628,8
3281618,2790416.27845,3
3281619,1481264.1091,2
3351304,773458.8996,1
3351308,18186052.451500002,20
3351309,15366421.729950001,8
3351310,379077.26639999996,2
3351311,27560873.549400005,20
3351313,42222612.042660005,18
3351314,5869676.7786,6
3351316,6592864.550100001,5
3351318,6457595.965919999,13
3351320,242152865.22030002,15
3351322,16800938.094,14
3351323,4299087.3264,2
3351330,717565.087438,9
3351331,1164125.3065,2
3351333,101738.64531,2
3351483,823279.385,2
3351494,2015328.5212599998,9
3351519,18914210.562419996,28
3351521,59262944.61184999,36
3351523,20404048.23657,16
3351526,39588.64641,1
3351529,1494133.1375,2
3351541,1113750.4273299999,7
3351561,1550551.9055599999,3
3351565,4466794.00575,11
3351568,3067465.6221000003,4
3351572,692060.3176,1
3351573,796456.8171399999,2
3351574,2267870.663,1
3351575,572379.5887,1
3351579,332781.53822000005,6
3351580,2174787.7783790003,12
3351583,898221.2437,1
3351593,1344181.74241,6
3351597,789859.909863,16
3351598,750872.56037,4
3351601,10264885.120871998,31
3351603,114621916.24918002,17
3351604,1118231.9933,2
3351608,11634297.4748,6
3351610,6237262.537899999,6
3351611,14700636.186200004,9
3351615,125959.32612,5
3351616,12485655.2106,9
3351617,19782549.60852,10
3351618,918536.2438,1
3351619,42475351.61692601,38
3351620,978192.0948175249,7
3351621,2798237.06228,5
3351624,123867846.010886,25
3351625,35639326.7551,8
3351626,2602435.91207,7
3351627,6178391.4742,3
3351629,13240659.459487,14
3351631,22424114.787837,22
3351633,7066889.216684999,17
3351634,22518069.7086,13
3351636,79050483.22531001,39
3351687,4187501.3292099996,16
3351690,27883167.43323,6
3351691,35611819.3801,9
3351692,24068622.365742996,16
3351696,21845298.506490003,19
3351698,89605820.92410001,16
3351699,699403.9683999999,2
3351700,47600411.49419999,20
3351701,108977060.331746,22
3351702,4971470.802300001,3
3351703,77917869.896873,14
3351716,1787818.04617,7
3351719,188465320.41837,19
3351720,27030860.57528,8
3351721,3531463.0625099996,4
3351724,4527441.4495,7
3351726,12313653.135400001,7
3351727,1138756.642,3
3351728,18998921.08729,8
3351729,176851268.48047,23
3351731,89896162.1316885,17
3351763,2339282.2105,3
3351764,2997847.9069,3
3351765,5147289.626,3
3351766,889827.64214,3
3351768,709894.1088,1
3351771,1150054.41223,3
3351772,14984788.85988601,19
3351774,25454959.69892,24
3351793,4342507.158840001,7
4361519,3090267.5737199998,8
4361521,2665039.0462069996,8
4361562,10349023.972151,6
4361565,1390839.8496199998,7
4361575,4868769.009439001,14
4361580,20483047.595889993,37
4361581,4616002.7127925,8
4361583,7564333.720569999,42
4361598,862971.3811,1
4361603,5489469.5899,5
4361611,5154236.495,2
4361615,52136.37214,1
4361616,9235536.088270003,15
4361617,4828428.005899999,3
4361619,15649618.867506998,43
4361687,4442252.216044,6
4361688,450073.71108999994,6
4361690,55367063.94725001,28
4361691,25099820.115699995,12
4361693,8547447.70633,13
4361695,1186157.0248,2
4361696,52298773.603520274,58
4361698,48026484.47307898,37
4361700,163225795.94019032,60
4361701,103691370.14189574,32
4361703,74354110.93549998,65
4361772,12418332.60580741,27
4361773,4593112.566390001,8
4361774,34780788.708032995,22
4361776,43201610.74813999,16
4361787,594467.72211,2
4361788,1878860.6518199998,5
4361790,34859800.25518,25
4361792,30233514.33488,24
4361793,11265996.731139699,14
4361794,28820618.49598,30
4361818,1858689554.4722621,92
4361820,79489454.46943,17
