"planning_unit","solution"
1,1
2,1
3,1
4,1
5,1
6,1
7,1
8,1
9,1
10,1
11,1
12,1
13,1
14,1
15,1
16,1
17,1
18,1
19,1
20,1
21,1
22,1
23,1
24,1
25,0
26,0
27,0
28,0
29,0
30,0
31,0
32,0
33,1
34,1
35,1
36,1
37,1
38,1
39,1
40,1
41,1
42,1
43,1
44,1
45,1
46,1
47,1
48,1
49,1
50,1
51,1
52,1
53,1
54,1
55,0
56,0
57,0
58,0
59,0
60,0
61,1
62,1
63,1
64,1
65,0
66,0
67,0
68,0
69,0
70,0
71,1
72,1
73,1
74,1
75,1
76,1
77,1
78,1
79,1
80,1
81,0
82,0
83,0
84,0
85,0
86,0
87,0
88,0
89,0
90,0
91,0
92,0
93,0
94,0
95,0
96,1
97,1
98,0
99,1
100,1
101,1
102,0
103,0
104,0
105,0
106,0
107,1
108,0
109,0
110,1
111,1
112,0
113,1
114,1
115,1
116,0
117,0
118,0
119,0
120,1
121,1
122,0
123,0
124,1
125,0
126,1
127,1
128,1
129,1
130,1
131,1
132,0
133,0
134,1
135,1
136,1
137,0
138,1
139,0
140,0
141,0
142,1
143,1
144,1
145,0
146,1
147,0
148,0
149,0
150,1
151,1
152,1
153,1
154,1
155,1
156,1
157,1
158,1
159,1
160,1
161,1
162,1
163,1
164,1
165,1
166,1
167,1
168,0
169,0
170,0
171,0
172,0
173,0
174,1
175,1
176,1
177,1
178,0
179,0
180,0
181,0
182,1
183,1
184,1
185,1
186,1
187,1
188,0
189,0
190,0
191,0
192,0
193,0
194,1
195,1
196,1
197,1
198,1
199,1
200,1
201,1
202,0
203,0
204,0
205,0
206,0
207,0
208,0
209,0
210,0
211,0
212,0
213,0
214,0
215,0
216,0
217,0
218,0
219,0
220,1
221,1
222,1
223,1
224,1
225,1
226,1
227,1
228,1
229,1
230,0
231,0
232,0
233,0
234,0
235,0
236,0
237,0
238,0
239,0
240,0
241,0
242,0
243,0
244,0
245,0
246,0
247,0
248,0
249,0
250,0
251,0
252,0
253,0
254,0
255,0
256,0
257,0
258,1
259,1
260,0
261,0
262,1
263,0
264,0
265,0
266,0
267,0
268,1
269,0
270,0
271,0
272,0
273,0
274,1
275,0
276,1
277,0
278,0
279,1
280,0
281,1
282,0
283,0
284,0
285,1
286,1
287,0
288,1
289,1
290,0
291,0
292,0
293,0
294,1
295,1
296,1
297,0
298,0
299,1
300,1
301,1
302,1
303,1
304,1
305,1
306,1
307,1
308,1
309,1
310,1
311,1
312,1
313,1
314,1
315,1
316,1
317,0
318,0
319,0
320,0
321,0
322,0
323,1
324,1
325,1
326,1
327,0
328,0
329,0
330,0
331,1
332,1
333,1
334,1
335,1
336,1
337,0
338,0
339,0
340,0
341,0
342,0
343,1
344,1
345,1
346,1
347,1
348,1
349,1
350,1
351,0
352,0
353,0
354,0
355,0
356,0
357,0
358,0
359,0
360,0
361,0
362,0
363,0
364,0
365,0
366,0
367,0
368,0
369,1
370,1
371,1
372,1
373,1
374,1
375,1
376,1
377,1
378,1
379,0
380,0
381,0
382,0
383,0
384,0
385,0
386,0
387,0
388,0
389,0
390,0
391,0
392,0
393,0
394,0
395,0
396,0
397,0
398,0
399,0
400,0
401,0
402,0
403,0
404,0
405,0
406,0
407,0
408,0
409,1
410,1
411,1
412,0
413,0
414,0
415,0
416,0
417,1
418,0
419,1
420,0
421,0
422,1
423,0
424,0
425,1
426,1
427,0
428,1
429,1
430,0
431,1
432,1
433,0
434,0
435,0
436,1
437,1
438,0
439,0
440,1
441,1
442,0
443,0
444,1
445,0
446,0
447,0
448,1
449,1
450,1
451,1
452,1
453,1
454,1
455,1
456,0
457,0
458,0
459,0
460,1
461,1
462,1
463,1
464,0
465,0
466,0
467,0
468,0
469,0
470,0
471,0
472,1
473,1
474,0
475,0
476,0
477,0
478,0
479,0
480,1
481,1
482,0
483,0
484,0
485,0
486,0
487,0
488,0
489,0
490,0
491,0
492,0
493,0
494,1
495,1
496,1
497,1
498,0
499,0
500,0
501,0
502,0
503,0
504,0
505,0
506,0
507,0
508,0
509,0
510,0
511,0
512,0
513,0
514,0
515,0
516,0
517,0
518,0
519,0
520,0
521,0
522,1
523,1
524,1
525,1
526,1
527,1
528,1
529,1
530,1
531,1
532,0
533,0
534,0
535,0
536,0
537,0
538,0
539,0
540,0
541,0
542,0
543,0
544,0
545,0
546,0
547,0
548,0
549,0
550,0
551,0
552,0
553,0
554,0
555,0
556,0
557,0
558,0
559,0
560,0
561,0
562,1
563,0
564,0
565,0
566,1
567,0
568,0
569,0
570,0
571,0
572,0
573,0
574,0
575,0
576,1
577,1
578,1
579,0
580,1
581,0
582,0
583,1
584,1
585,1
586,0
587,0
588,0
589,0
590,0
591,1
592,1
593,1
594,0
595,0
596,1
597,1
598,1
599,1
600,1
601,1
602,1
603,1
604,1
605,0
606,0
607,0
608,0
609,1
610,1
611,1
612,1
613,0
614,0
615,0
616,0
617,0
618,0
619,0
620,0
621,1
622,1
623,0
624,0
625,0
626,0
627,0
628,0
629,1
630,1
631,0
632,0
633,0
634,0
635,0
636,0
637,0
638,0
639,0
640,0
641,0
642,0
643,1
644,1
645,1
646,1
647,0
648,0
649,0
650,0
651,0
652,0
653,0
654,0
655,0
656,0
657,0
658,0
659,0
660,0
661,0
662,0
663,0
664,0
665,0
666,0
667,0
668,0
669,0
670,0
671,1
672,1
673,1
674,1
675,1
676,1
677,1
678,1
679,1
680,1
681,0
682,0
683,0
684,0
685,0
686,0
687,0
688,0
689,0
690,0
691,0
692,0
693,0
694,0
695,0
696,0
697,0
698,0
699,0
700,0
701,0
702,0
703,0
704,0
705,0
706,0
707,0
708,0
709,0
710,0
711,0
712,1
713,1
714,1
715,1
716,1
717,0
718,1
719,1
720,1
721,1
722,1
723,0
724,0
725,0
726,0
727,0
728,1
729,0
730,0
731,1
732,1
733,0
734,1
735,1
736,0
737,0
738,0
739,0
740,0
741,0
742,1
743,1
744,0
745,1
746,0
747,0
748,0
749,0
750,1
751,1
752,1
753,1
754,0
755,0
756,0
757,0
758,1
759,1
760,1
761,1
762,0
763,0
764,0
765,0
766,0
767,0
768,1
769,1
770,1
771,1
772,0
773,0
774,0
775,0
776,0
777,0
778,1
779,1
780,0
781,0
782,0
783,0
784,0
785,0
786,0
787,0
788,0
789,0
790,0
791,0
792,0
793,0
794,0
795,0
796,0
797,0
798,0
799,0
800,0
801,0
802,0
803,0
804,0
805,0
806,0
807,0
808,0
809,0
810,0
811,0
812,0
813,0
814,0
815,0
816,0
817,0
818,0
819,0
820,1
821,1
822,1
823,1
824,1
825,1
826,1
827,1
828,0
829,0
830,0
831,0
832,1
833,1
834,0
835,0
836,0
837,0
838,0
839,0
840,0
841,0
842,0
843,0
844,0
845,0
846,0
847,0
848,0
849,0
850,0
851,0
852,0
853,0
854,0
855,0
856,0
857,0
858,0
859,1
860,0
861,1
862,1
863,0
864,0
865,0
866,0
867,0
868,1
869,0
870,1
871,1
872,1
873,1
874,1
875,1
876,0
877,1
878,1
879,1
880,1
881,0
882,0
883,1
884,0
885,0
886,1
887,0
888,1
889,1
890,1
891,1
892,1
893,0
894,1
895,0
896,0
897,0
898,0
899,1
900,1
901,1
902,1
903,0
904,0
905,0
906,0
907,1
908,1
909,1
910,1
911,0
912,0
913,0
914,0
915,0
916,0
917,1
918,1
919,1
920,1
921,0
922,0
923,0
924,0
925,0
926,0
927,1
928,1
929,0
930,0
931,0
932,0
933,0
934,0
935,0
936,0
937,0
938,0
939,0
940,0
941,0
942,0
943,0
944,0
945,0
946,0
947,0
948,0
949,0
950,0
951,0
952,0
953,0
954,0
955,0
956,0
957,0
958,0
959,0
960,0
961,0
962,0
963,0
964,0
965,0
966,0
967,0
968,0
969,1
970,1
971,1
972,1
973,1
974,1
975,1
976,1
977,0
978,0
979,0
980,0
981,1
982,1
983,0
984,0
985,0
986,0
987,0
988,0
989,0
990,0
991,0
992,0
993,0
994,0
995,0
996,0
997,0
998,0
999,0
1000,0
1001,0
1002,0
1003,0
1004,0
1005,0
1006,0
1007,1
1008,1
1009,1
1010,0
1011,1
1012,1
1013,0
1014,0
1015,0
1016,0
1017,1
1018,1
1019,1
1020,0
1021,1
1022,1
1023,1
1024,1
1025,1
1026,1
1027,0
1028,0
1029,0
1030,1
1031,1
1032,0
1033,1
1034,0
1035,0
1036,1
1037,0
1038,1
1039,0
1040,0
1041,1
1042,1
1043,0
1044,0
1045,0
1046,0
1047,0
1048,0
1049,0
1050,0
1051,0
1052,1
1053,1
1054,1
1055,1
1056,1
1057,1
1058,1
1059,1
1060,1
1061,1
1062,1
1063,1
1064,1
1065,1
1066,1
1067,1
1068,1
1069,1
1070,1
1071,1
1072,0
1073,0
1074,0
1075,0
1076,1
1077,1
1078,0
1079,0
1080,0
1081,0
1082,0
1083,0
1084,0
1085,0
1086,0
1087,0
1088,0
1089,0
1090,0
1091,0
1092,0
1093,0
1094,0
1095,0
1096,0
1097,0
1098,0
1099,0
1100,0
1101,0
1102,0
1103,0
1104,0
1105,0
1106,0
1107,0
1108,0
1109,0
1110,0
1111,0
1112,0
1113,0
1114,0
1115,0
1116,0
1117,0
1118,1
1119,1
1120,1
1121,1
1122,1
1123,1
1124,0
1125,0
1126,0
1127,0
1128,0
1129,0
1130,1
1131,1
1132,0
1133,0
1134,0
1135,0
1136,0
1137,0
1138,0
1139,0
1140,0
1141,0
1142,0
1143,0
1144,0
1145,0
1146,0
1147,0
1148,0
1149,0
1150,0
1151,0
1152,0
1153,0
1154,0
1155,0
1156,0
1157,0
1158,0
1159,1
1160,0
1161,1
1162,0
1163,0
1164,0
1165,0
1166,0
1167,1
1168,1
1169,0
1170,0
1171,1
1172,0
1173,0
1174,1
1175,1
1176,0
1177,0
1178,0
1179,1
1180,0
1181,1
1182,1
1183,1
1184,1
1185,1
1186,1
1187,0
1188,0
1189,1
1190,1
1191,0
1192,1
1193,0
1194,0
1195,0
1196,0
1197,0
1198,0
1199,0
1200,0
1201,1
1202,1
1203,1
1204,1
1205,1
1206,1
1207,1
1208,1
1209,1
1210,1
1211,1
1212,1
1213,1
1214,1
1215,1
1216,1
1217,1
1218,1
1219,1
1220,1
1221,0
1222,0
1223,0
1224,0
1225,1
1226,1
1227,0
1228,0
1229,0
1230,0
1231,0
1232,0
1233,0
1234,0
1235,0
1236,0
1237,0
1238,0
1239,0
1240,0
1241,0
1242,0
1243,0
1244,0
1245,0
1246,0
1247,0
1248,0
1249,0
1250,0
1251,0
1252,0
1253,0
1254,0
1255,0
1256,0
1257,0
1258,0
1259,0
1260,0
1261,0
1262,0
1263,0
1264,0
1265,0
1266,0
1267,1
1268,1
1269,1
1270,1
1271,1
1272,1
1273,0
1274,0
1275,0
1276,0
1277,0
1278,0
1279,1
1280,1
1281,0
1282,0
1283,0
1284,0
1285,0
1286,0
1287,0
1288,0
1289,0
1290,0
1291,0
1292,0
1293,0
1294,0
1295,0
1296,0
1297,0
1298,0
1299,0
1300,0
1301,0
1302,0
1303,0
1304,0
1305,0
1306,0
1307,1
1308,0
1309,0
1310,0
1311,0
1312,0
1313,0
1314,0
1315,0
1316,0
1317,0
1318,1
1319,0
1320,0
1321,0
1322,0
1323,1
1324,1
1325,0
1326,0
1327,0
1328,1
1329,0
1330,0
1331,0
1332,1
1333,0
1334,0
1335,1
1336,0
1337,0
1338,1
1339,0
1340,1
1341,0
1342,0
1343,0
1344,1
1345,1
1346,0
1347,0
1348,0
1349,0
1350,1
1351,1
1352,1
1353,1
1354,1
1355,1
1356,1
1357,1
1358,1
1359,1
1360,0
1361,0
1362,0
1363,0
1364,1
1365,1
1366,1
1367,1
1368,1
1369,1
1370,0
1371,0
1372,0
1373,0
1374,1
1375,1
1376,1
1377,1
1378,0
1379,0
1380,0
1381,0
1382,1
1383,1
1384,0
1385,0
1386,0
1387,0
1388,0
1389,0
1390,0
1391,0
1392,0
1393,0
1394,0
1395,0
1396,0
1397,0
1398,0
1399,0
1400,0
1401,0
1402,0
1403,0
1404,0
1405,0
1406,0
1407,0
1408,0
1409,0
1410,0
1411,0
1412,1
1413,1
1414,1
1415,1
1416,1
1417,1
1418,1
1419,1
1420,1
1421,1
1422,0
1423,0
1424,0
1425,0
1426,0
1427,0
1428,0
1429,0
1430,0
1431,0
1432,0
1433,0
1434,0
1435,0
1436,0
1437,0
1438,0
1439,0
1440,0
1441,0
1442,0
1443,0
1444,0
1445,0
1446,0
1447,0
1448,0
1449,0
1450,0
1451,0
1452,0
1453,0
1454,0
1455,0
1456,0
1457,0
1458,0
1459,0
1460,1
1461,0
1462,1
1463,0
1464,0
1465,0
1466,0
1467,0
1468,0
1469,1
1470,0
1471,1
1472,0
1473,0
1474,0
1475,1
1476,0
1477,1
1478,0
1479,0
1480,1
1481,1
1482,1
1483,1
1484,0
1485,0
1486,1
1487,0
1488,0
1489,1
1490,0
1491,0
1492,0
1493,1
1494,1
1495,0
1496,0
1497,0
1498,0
1499,1
1500,1
1501,1
1502,1
1503,1
1504,1
1505,1
1506,1
1507,1
1508,1
1509,0
1510,0
1511,0
1512,0
1513,1
1514,1
1515,1
1516,1
1517,1
1518,1
1519,0
1520,0
1521,0
1522,0
1523,1
1524,1
1525,1
1526,1
1527,0
1528,0
1529,0
1530,0
1531,1
1532,1
1533,0
1534,0
1535,0
1536,0
1537,0
1538,0
1539,0
1540,0
1541,0
1542,0
1543,0
1544,0
1545,0
1546,0
1547,0
1548,0
1549,0
1550,0
1551,0
1552,0
1553,0
1554,0
1555,0
1556,0
1557,0
1558,0
1559,0
1560,0
1561,1
1562,1
1563,1
1564,1
1565,1
1566,1
1567,1
1568,1
1569,1
1570,1
1571,0
1572,0
1573,0
1574,0
1575,0
1576,0
1577,0
1578,0
1579,0
1580,0
1581,0
1582,0
1583,0
1584,0
1585,0
1586,0
1587,0
1588,0
1589,0
1590,0
1591,0
1592,0
1593,0
1594,0
1595,0
1596,0
1597,0
1598,1
1599,0
1600,0
1601,0
1602,0
1603,0
1604,0
1605,0
1606,0
1607,0
1608,0
1609,1
1610,1
1611,0
1612,0
1613,0
1614,0
1615,0
1616,0
1617,1
1618,0
1619,1
1620,1
1621,0
1622,1
1623,1
1624,0
1625,1
1626,0
1627,0
1628,0
1629,0
1630,1
1631,0
1632,1
1633,1
1634,1
1635,1
1636,1
1637,1
1638,1
1639,1
1640,0
1641,0
1642,0
1643,0
1644,0
1645,0
1646,0
1647,0
1648,0
1649,0
1650,0
1651,0
1652,1
1653,1
1654,1
1655,1
1656,1
1657,1
1658,0
1659,0
1660,0
1661,0
1662,1
1663,1
1664,1
1665,1
1666,1
1667,1
1668,1
1669,1
1670,1
1671,1
1672,1
1673,1
1674,0
1675,0
1676,0
1677,0
1678,0
1679,0
1680,0
1681,0
1682,0
1683,0
1684,0
1685,0
1686,0
1687,0
1688,0
1689,0
1690,0
1691,0
1692,0
1693,0
1694,0
1695,0
1696,0
1697,0
1698,0
1699,0
1700,0
1701,0
1702,0
1703,0
1704,0
1705,0
1706,0
1707,0
1708,0
1709,0
1710,1
1711,1
1712,1
1713,1
1714,0
1715,0
1716,0
1717,0
1718,0
1719,0
1720,0
1721,0
1722,0
1723,0
1724,0
1725,0
1726,0
1727,0
1728,0
1729,0
1730,0
1731,0
1732,0
1733,0
1734,1
1735,1
1736,0
1737,0
1738,0
1739,0
1740,0
1741,0
1742,0
1743,0
1744,0
1745,1
1746,0
1747,0
1748,0
1749,0
1750,0
1751,0
1752,0
1753,0
1754,0
1755,0
1756,0
1757,0
1758,1
1759,0
1760,1
1761,1
1762,0
1763,1
1764,1
1765,0
1766,1
1767,0
1768,1
1769,1
1770,0
1771,0
1772,0
1773,0
1774,0
1775,0
1776,1
1777,0
1778,0
1779,1
1780,1
1781,0
1782,0
1783,0
1784,0
1785,0
1786,0
1787,0
1788,0
1789,0
1790,0
1791,0
1792,0
1793,0
1794,0
1795,0
1796,0
1797,0
1798,0
1799,0
1800,0
1801,1
1802,1
1803,1
1804,1
1805,1
1806,1
1807,0
1808,0
1809,0
1810,0
1811,1
1812,1
1813,1
1814,1
1815,1
1816,1
1817,1
1818,1
1819,1
1820,1
1821,1
1822,1
1823,0
1824,0
1825,0
1826,0
1827,0
1828,0
1829,0
1830,0
1831,0
1832,0
1833,0
1834,0
1835,0
1836,0
1837,0
1838,0
1839,0
1840,0
1841,0
1842,0
1843,0
1844,0
1845,0
1846,0
1847,0
1848,0
1849,0
1850,0
1851,0
1852,0
1853,0
1854,0
1855,0
1856,0
1857,0
1858,0
1859,1
1860,1
1861,1
1862,1
1863,0
1864,0
1865,0
1866,0
1867,0
1868,0
1869,0
1870,0
1871,0
1872,0
1873,0
1874,0
1875,0
1876,0
1877,0
1878,0
1879,0
1880,0
1881,0
1882,0
1883,1
1884,1
1885,0
1886,0
1887,0
1888,0
1889,0
1890,0
1891,0
1892,0
1893,0
1894,1
1895,0
1896,0
1897,0
1898,0
1899,0
1900,0
1901,0
1902,0
1903,0
1904,0
1905,0
1906,0
1907,1
1908,1
1909,1
1910,0
1911,0
1912,0
1913,1
1914,1
1915,0
1916,0
1917,1
1918,1
1919,0
1920,1
1921,0
1922,0
1923,1
1924,0
1925,0
1926,1
1927,1
1928,0
1929,1
1930,1
1931,0
1932,0
1933,1
1934,1
1935,0
1936,1
1937,0
1938,0
1939,0
1940,0
1941,0
1942,0
1943,0
1944,0
1945,0
1946,0
1947,0
1948,0
1949,0
1950,0
1951,0
1952,1
1953,1
1954,1
1955,1
1956,0
1957,0
1958,0
1959,0
1960,0
1961,0
1962,1
1963,1
1964,1
1965,1
1966,1
1967,1
1968,1
1969,1
1970,0
1971,0
1972,0
1973,0
1974,0
1975,0
1976,0
1977,0
1978,0
1979,0
1980,0
1981,0
1982,0
1983,0
1984,1
1985,1
1986,1
1987,1
1988,1
1989,1
1990,0
1991,0
1992,0
1993,0
1994,0
1995,0
1996,0
1997,0
1998,0
1999,0
2000,0
2001,0
2002,0
2003,0
2004,0
2005,0
2006,0
2007,0
2008,1
2009,1
2010,1
2011,1
2012,0
2013,0
2014,0
2015,0
2016,0
2017,0
2018,0
2019,0
2020,0
2021,0
2022,0
2023,0
2024,0
2025,0
2026,0
2027,0
2028,0
2029,0
2030,0
2031,0
2032,0
2033,0
2034,0
2035,0
2036,0
2037,0
2038,0
2039,0
2040,0
2041,0
2042,0
2043,0
2044,0
2045,0
2046,0
2047,0
2048,0
2049,0
2050,0
2051,0
2052,0
2053,0
2054,0
2055,0
2056,0
2057,0
2058,0
2059,0
2060,0
2061,1
2062,0
2063,1
2064,1
2065,0
2066,0
2067,0
2068,0
2069,1
2070,0
2071,0
2072,1
2073,0
2074,1
2075,1
2076,1
2077,0
2078,0
2079,0
2080,1
2081,0
2082,0
2083,1
2084,0
2085,0
2086,0
2087,0
2088,0
2089,0
2090,0
2091,0
2092,0
2093,0
2094,0
2095,0
2096,0
2097,0
2098,0
2099,0
2100,0
2101,1
2102,1
2103,1
2104,1
2105,0
2106,0
2107,0
2108,0
2109,0
2110,0
2111,1
2112,1
2113,1
2114,1
2115,1
2116,1
2117,1
2118,1
2119,0
2120,0
2121,0
2122,0
2123,0
2124,0
2125,0
2126,0
2127,0
2128,0
2129,0
2130,0
2131,0
2132,0
2133,1
2134,1
2135,1
2136,1
2137,1
2138,1
2139,0
2140,0
2141,0
2142,0
2143,0
2144,0
2145,0
2146,0
2147,0
2148,0
2149,0
2150,0
2151,0
2152,0
2153,0
2154,0
2155,0
2156,0
2157,1
2158,1
2159,1
2160,1
2161,0
2162,0
2163,0
2164,0
2165,0
2166,0
2167,0
2168,0
2169,0
2170,0
2171,0
2172,0
2173,0
2174,0
2175,0
2176,0
2177,0
2178,0
2179,0
2180,0
2181,0
2182,0
2183,0
2184,0
2185,0
2186,0
2187,0
2188,0
2189,0
2190,0
2191,0
2192,0
2193,0
2194,0
2195,0
2196,0
2197,0
2198,0
2199,0
2200,0
2201,0
2202,0
2203,0
2204,0
2205,0
2206,0
2207,0
2208,0
2209,0
2210,1
2211,1
2212,1
2213,0
2214,1
2215,1
2216,1
2217,1
2218,0
2219,1
2220,0
2221,1
2222,0
2223,0
2224,1
2225,0
2226,0
2227,0
2228,0
2229,1
2230,0
2231,0
2232,0
2233,0
2234,1
2235,0
2236,0
2237,0
2238,0
2239,0
2240,0
2241,0
2242,0
2243,0
2244,0
2245,0
2246,0
2247,0
2248,0
2249,0
2250,1
2251,1
2252,1
2253,1
2254,0
2255,0
2256,0
2257,0
2258,0
2259,0
2260,1
2261,1
2262,1
2263,1
2264,1
2265,1
2266,1
2267,1
2268,0
2269,0
2270,0
2271,0
2272,0
2273,0
2274,0
2275,0
2276,0
2277,0
2278,0
2279,0
2280,1
2281,1
2282,1
2283,1
2284,1
2285,1
2286,1
2287,1
2288,0
2289,0
2290,0
2291,0
2292,0
2293,0
2294,0
2295,0
2296,0
2297,0
2298,0
2299,0
2300,0
2301,0
2302,0
2303,0
2304,0
2305,0
2306,1
2307,1
2308,1
2309,1
2310,0
2311,0
2312,0
2313,0
2314,0
2315,0
2316,0
2317,0
2318,0
2319,0
2320,0
2321,0
2322,0
2323,0
2324,0
2325,0
2326,0
2327,0
2328,0
2329,0
2330,0
2331,0
2332,0
2333,0
2334,0
2335,0
2336,0
2337,0
2338,0
2339,0
2340,0
2341,0
2342,0
2343,0
2344,0
2345,0
2346,0
2347,0
2348,0
2349,0
2350,0
2351,0
2352,0
2353,0
2354,0
2355,0
2356,0
2357,0
2358,1
2359,1
2360,0
2361,1
2362,0
2363,1
2364,0
2365,1
2366,0
2367,0
2368,1
2369,0
2370,1
2371,1
2372,0
2373,1
2374,0
2375,1
2376,0
2377,1
2378,1
2379,0
2380,1
2381,0
2382,0
2383,1
2384,0
2385,0
2386,0
2387,0
2388,0
2389,0
2390,0
2391,0
2392,0
2393,0
2394,0
2395,0
2396,0
2397,0
2398,0
2399,1
2400,1
2401,1
2402,1
2403,0
2404,0
2405,0
2406,0
2407,0
2408,0
2409,1
2410,1
2411,1
2412,1
2413,1
2414,1
2415,1
2416,1
2417,0
2418,0
2419,0
2420,0
2421,0
2422,0
2423,0
2424,0
2425,0
2426,0
2427,0
2428,0
2429,1
2430,1
2431,1
2432,1
2433,1
2434,1
2435,1
2436,1
2437,0
2438,0
2439,0
2440,0
2441,0
2442,0
2443,0
2444,0
2445,0
2446,0
2447,0
2448,0
2449,0
2450,0
2451,0
2452,0
2453,0
2454,0
2455,1
2456,1
2457,1
2458,1
2459,0
2460,0
2461,0
2462,0
2463,0
2464,0
2465,0
2466,0
2467,0
2468,0
2469,0
2470,0
2471,0
2472,0
2473,0
2474,0
2475,0
2476,0
2477,0
2478,0
2479,0
2480,0
2481,0
2482,0
2483,0
2484,0
2485,0
2486,0
2487,0
2488,0
2489,0
2490,0
2491,0
2492,0
2493,0
2494,0
2495,0
2496,0
2497,0
2498,0
2499,0
2500,0
2501,0
2502,0
2503,0
2504,0
2505,0
2506,0
2507,0
2508,0
2509,0
2510,0
2511,1
2512,1
2513,1
2514,1
2515,0
2516,0
2517,1
2518,0
2519,0
2520,0
2521,0
2522,1
2523,0
2524,1
2525,0
2526,1
2527,0
2528,0
2529,1
2530,1
2531,1
2532,1
2533,0
2534,0
2535,0
2536,0
2537,0
2538,0
2539,0
2540,0
2541,0
2542,0
2543,0
2544,1
2545,1
2546,1
2547,1
2548,1
2549,1
2550,1
2551,1
2552,1
2553,1
2554,1
2555,1
2556,0
2557,0
2558,0
2559,0
2560,0
2561,0
2562,1
2563,1
2564,1
2565,1
2566,0
2567,0
2568,0
2569,0
2570,1
2571,1
2572,1
2573,1
2574,1
2575,1
2576,1
2577,1
2578,1
2579,1
2580,1
2581,1
2582,0
2583,0
2584,0
2585,0
2586,0
2587,0
2588,0
2589,0
2590,0
2591,0
2592,0
2593,0
2594,0
2595,0
2596,0
2597,0
2598,0
2599,0
2600,0
2601,0
2602,0
2603,0
2604,1
2605,1
2606,1
2607,1
2608,0
2609,0
2610,0
2611,0
2612,0
2613,0
2614,0
2615,0
2616,0
2617,0
2618,0
2619,0
2620,0
2621,0
2622,0
2623,0
2624,0
2625,0
2626,0
2627,0
2628,0
2629,0
2630,0
2631,0
2632,0
2633,0
2634,0
2635,0
2636,0
2637,0
2638,0
2639,0
2640,0
2641,0
2642,0
2643,0
2644,0
2645,0
2646,0
2647,0
2648,0
2649,0
2650,0
2651,0
2652,0
2653,0
2654,0
2655,1
2656,0
2657,1
2658,1
2659,1
2660,0
2661,0
2662,0
2663,0
2664,0
2665,0
2666,0
2667,1
2668,0
2669,0
2670,1
2671,0
2672,0
2673,0
2674,0
2675,1
2676,1
2677,0
2678,1
2679,0
2680,0
2681,1
2682,1
2683,0
2684,0
2685,0
2686,0
2687,0
2688,0
2689,0
2690,0
2691,0
2692,0
2693,1
2694,1
2695,1
2696,1
2697,1
2698,1
2699,1
2700,1
2701,1
2702,1
2703,1
2704,1
2705,0
2706,0
2707,0
2708,0
2709,0
2710,0
2711,1
2712,1
2713,1
2714,1
2715,0
2716,0
2717,0
2718,0
2719,1
2720,1
2721,1
2722,1
2723,1
2724,1
2725,1
2726,1
2727,1
2728,1
2729,1
2730,1
2731,0
2732,0
2733,0
2734,0
2735,0
2736,0
2737,0
2738,0
2739,0
2740,0
2741,0
2742,0
2743,0
2744,0
2745,0
2746,0
2747,0
2748,0
2749,0
2750,0
2751,0
2752,0
2753,1
2754,1
2755,1
2756,1
2757,0
2758,0
2759,0
2760,0
2761,0
2762,0
2763,0
2764,0
2765,0
2766,0
2767,0
2768,0
2769,0
2770,0
2771,0
2772,0
2773,0
2774,0
2775,0
2776,0
2777,0
2778,0
2779,0
2780,0
2781,0
2782,0
2783,0
2784,0
2785,0
2786,0
2787,0
2788,0
2789,0
2790,0
2791,0
2792,0
2793,0
2794,0
2795,0
2796,0
2797,0
2798,0
2799,0
2800,0
2801,0
2802,0
2803,0
2804,1
2805,0
2806,0
2807,1
2808,0
2809,0
2810,0
2811,1
2812,0
2813,1
2814,0
2815,0
2816,0
2817,1
2818,0
2819,1
2820,0
2821,0
2822,0
2823,0
2824,1
2825,1
2826,0
2827,0
2828,1
2829,0
2830,1
2831,0
2832,0
2833,0
2834,0
2835,0
2836,0
2837,0
2838,0
2839,0
2840,0
2841,0
2842,0
2843,0
2844,1
2845,1
2846,1
2847,1
2848,1
2849,1
2850,0
2851,0
2852,0
2853,0
2854,0
2855,0
2856,0
2857,0
2858,0
2859,0
2860,1
2861,1
2862,1
2863,1
2864,1
2865,1
2866,1
2867,1
2868,1
2869,1
2870,1
2871,1
2872,1
2873,1
2874,1
2875,1
2876,0
2877,0
2878,0
2879,0
2880,0
2881,0
2882,0
2883,0
2884,0
2885,0
2886,0
2887,0
2888,0
2889,0
2890,0
2891,0
2892,0
2893,0
2894,0
2895,0
2896,0
2897,0
2898,0
2899,0
2900,1
2901,1
2902,1
2903,1
2904,1
2905,1
2906,0
2907,0
2908,0
2909,0
2910,0
2911,0
2912,0
2913,0
2914,0
2915,0
2916,0
2917,0
2918,0
2919,0
2920,0
2921,0
2922,0
2923,0
2924,0
2925,0
2926,0
2927,0
2928,0
2929,0
2930,0
2931,0
2932,0
2933,0
2934,1
2935,1
2936,0
2937,0
2938,0
2939,0
2940,0
2941,0
2942,0
2943,0
2944,0
2945,0
2946,0
2947,0
2948,0
2949,0
2950,0
2951,0
2952,0
2953,0
2954,0
2955,1
2956,0
2957,0
2958,1
2959,0
2960,0
2961,1
2962,0
2963,1
2964,0
2965,0
2966,0
2967,0
2968,0
2969,1
2970,0
2971,1
2972,0
2973,1
2974,1
2975,1
2976,1
2977,0
2978,0
2979,1
2980,1
2981,0
2982,0
2983,0
2984,0
2985,0
2986,0
2987,0
2988,0
2989,0
2990,0
2991,0
2992,0
2993,1
2994,1
2995,1
2996,1
2997,1
2998,1
2999,0
3000,0
3001,0
3002,0
3003,0
3004,0
3005,0
3006,0
3007,0
3008,0
3009,1
3010,1
3011,1
3012,1
3013,1
3014,1
3015,1
3016,1
3017,1
3018,1
3019,1
3020,1
3021,1
3022,1
3023,1
3024,1
3025,0
3026,0
3027,0
3028,0
3029,0
3030,0
3031,0
3032,0
3033,0
3034,0
3035,0
3036,0
3037,0
3038,0
3039,0
3040,0
3041,0
3042,0
3043,0
3044,0
3045,0
3046,0
3047,0
3048,0
3049,1
3050,1
3051,1
3052,1
3053,1
3054,1
3055,0
3056,0
3057,0
3058,0
3059,0
3060,0
3061,0
3062,0
3063,0
3064,0
3065,0
3066,0
3067,0
3068,0
3069,0
3070,0
3071,0
3072,0
3073,0
3074,0
3075,0
3076,0
3077,0
3078,0
3079,0
3080,0
3081,0
3082,0
3083,1
3084,1
3085,0
3086,0
3087,0
3088,1
3089,0
3090,0
3091,0
3092,0
3093,0
3094,0
3095,0
3096,0
3097,0
3098,0
3099,0
3100,0
3101,0
3102,0
3103,1
3104,0
3105,0
3106,0
3107,1
3108,0
3109,1
3110,1
3111,0
3112,1
3113,0
3114,1
3115,0
3116,0
3117,1
3118,1
3119,0
3120,1
3121,0
3122,0
3123,1
3124,1
3125,1
3126,1
3127,0
3128,1
3129,0
3130,0
3131,0
3132,0
3133,0
3134,0
3135,0
3136,0
3137,0
3138,0
3139,0
3140,0
3141,0
3142,0
3143,1
3144,1
3145,1
3146,1
3147,0
3148,0
3149,0
3150,0
3151,0
3152,0
3153,0
3154,0
3155,0
3156,0
3157,1
3158,1
3159,1
3160,1
3161,1
3162,1
3163,1
3164,1
3165,1
3166,1
3167,1
3168,1
3169,1
3170,1
3171,0
3172,0
3173,0
3174,0
3175,0
3176,0
3177,0
3178,0
3179,0
3180,0
3181,0
3182,0
3183,0
3184,0
3185,0
3186,0
3187,0
3188,0
3189,0
3190,0
3191,0
3192,0
3193,0
3194,0
3195,0
3196,0
3197,1
3198,1
3199,1
3200,1
3201,1
3202,1
3203,0
3204,0
3205,0
3206,0
3207,0
3208,0
3209,0
3210,0
3211,0
3212,0
3213,0
3214,0
3215,0
3216,0
3217,0
3218,0
3219,0
3220,0
3221,0
3222,0
3223,0
3224,0
3225,0
3226,0
3227,0
3228,0
3229,1
3230,1
3231,1
3232,1
3233,1
3234,1
3235,1
3236,1
3237,1
3238,1
3239,1
3240,1
3241,0
3242,0
3243,0
3244,0
3245,0
3246,0
3247,0
3248,0
3249,0
3250,0
3251,1
3252,0
3253,0
3254,1
3255,0
3256,0
3257,0
3258,0
3259,1
3260,0
3261,0
3262,0
3263,0
3264,1
3265,1
3266,0
3267,1
3268,1
3269,1
3270,1
3271,0
3272,0
3273,0
3274,1
3275,0
3276,0
3277,0
3278,0
3279,0
3280,0
3281,0
3282,0
3283,0
3284,0
3285,0
3286,0
3287,0
3288,0
3289,0
3290,0
3291,0
3292,1
3293,1
3294,1
3295,1
3296,0
3297,0
3298,0
3299,0
3300,0
3301,0
3302,0
3303,0
3304,0
3305,0
3306,1
3307,1
3308,1
3309,1
3310,1
3311,1
3312,1
3313,1
3314,1
3315,1
3316,1
3317,1
3318,1
3319,1
3320,0
3321,0
3322,0
3323,0
3324,0
3325,0
3326,0
3327,0
3328,0
3329,0
3330,0
3331,0
3332,0
3333,0
3334,0
3335,0
3336,0
3337,0
3338,0
3339,0
3340,0
3341,0
3342,0
3343,0
3344,0
3345,0
3346,1
3347,1
3348,1
3349,1
3350,1
3351,1
3352,0
3353,0
3354,0
3355,0
3356,0
3357,0
3358,0
3359,0
3360,0
3361,0
3362,0
3363,0
3364,0
3365,0
3366,0
3367,0
3368,0
3369,0
3370,0
3371,0
3372,0
3373,0
3374,0
3375,0
3376,0
3377,0
3378,1
3379,1
3380,1
3381,1
3382,1
3383,1
3384,1
3385,1
3386,1
3387,1
3388,1
3389,1
3390,0
3391,0
3392,0
3393,0
3394,0
3395,0
3396,0
3397,0
3398,0
3399,0
3400,0
3401,0
3402,0
3403,1
3404,0
3405,1
3406,0
3407,0
3408,0
3409,0
3410,1
3411,1
3412,0
3413,1
3414,0
3415,0
3416,0
3417,0
3418,0
3419,0
3420,0
3421,1
3422,1
3423,0
3424,0
3425,1
3426,0
3427,0
3428,0
3429,0
3430,0
3431,0
3432,0
3433,0
3434,0
3435,1
3436,0
3437,0
3438,0
3439,0
3440,0
3441,0
3442,0
3443,0
3444,0
3445,1
3446,1
3447,1
3448,1
3449,1
3450,1
3451,0
3452,0
3453,0
3454,0
3455,1
3456,1
3457,1
3458,1
3459,1
3460,1
3461,1
3462,1
3463,1
3464,1
3465,1
3466,1
3467,1
3468,1
3469,0
3470,0
3471,0
3472,0
3473,0
3474,0
3475,0
3476,0
3477,0
3478,0
3479,0
3480,0
3481,0
3482,0
3483,0
3484,0
3485,0
3486,0
3487,0
3488,0
3489,0
3490,0
3491,0
3492,0
3493,1
3494,1
3495,1
3496,1
3497,1
3498,1
3499,1
3500,1
3501,0
3502,0
3503,0
3504,0
3505,0
3506,0
3507,0
3508,0
3509,0
3510,0
3511,0
3512,0
3513,0
3514,0
3515,0
3516,0
3517,0
3518,0
3519,0
3520,0
3521,0
3522,0
3523,0
3524,0
3525,1
3526,1
3527,1
3528,1
3529,1
3530,1
3531,1
3532,1
3533,1
3534,1
3535,1
3536,1
3537,0
3538,0
3539,0
3540,0
3541,0
3542,0
3543,0
3544,0
3545,0
3546,0
3547,0
3548,0
3549,1
3550,0
3551,1
3552,1
3553,0
3554,1
3555,1
3556,0
3557,1
3558,0
3559,0
3560,0
3561,0
3562,0
3563,1
3564,1
3565,0
3566,1
3567,0
3568,0
3569,1
3570,0
3571,1
3572,0
3573,0
3574,0
3575,0
3576,0
3577,0
3578,0
3579,0
3580,0
3581,0
3582,0
3583,0
3584,0
3585,0
3586,0
3587,0
3588,0
3589,0
3590,1
3591,1
3592,1
3593,1
3594,1
3595,1
3596,0
3597,0
3598,0
3599,0
3600,1
3601,1
3602,1
3603,1
3604,1
3605,1
3606,1
3607,1
3608,1
3609,1
3610,1
3611,1
3612,1
3613,1
3614,0
3615,0
3616,0
3617,0
3618,0
3619,0
3620,0
3621,0
3622,0
3623,0
3624,0
3625,0
3626,0
3627,0
3628,0
3629,0
3630,0
3631,0
3632,0
3633,0
3634,0
3635,0
3636,0
3637,0
3638,1
3639,1
3640,1
3641,1
3642,1
3643,1
3644,1
3645,1
3646,0
3647,0
3648,0
3649,0
3650,0
3651,0
3652,0
3653,0
3654,0
3655,0
3656,0
3657,0
3658,0
3659,0
3660,0
3661,0
3662,0
3663,0
3664,0
3665,0
3666,0
3667,0
3668,0
3669,0
3670,1
3671,1
3672,1
3673,1
3674,1
3675,1
3676,1
3677,1
3678,1
3679,1
3680,1
3681,1
3682,0
3683,0
3684,0
3685,0
3686,0
3687,0
3688,0
3689,0
3690,0
3691,0
3692,0
3693,0
3694,0
3695,1
3696,1
3697,0
3698,1
3699,1
3700,0
3701,0
3702,1
3703,1
3704,1
3705,0
3706,1
3707,0
3708,0
3709,1
3710,0
3711,0
3712,0
3713,1
3714,0
3715,1
3716,0
3717,1
3718,0
3719,0
3720,0
3721,1
3722,1
3723,1
3724,0
3725,0
3726,1
3727,0
3728,0
3729,0
3730,0
3731,0
3732,0
3733,1
3734,0
3735,0
3736,0
3737,0
3738,0
3739,0
3740,0
3741,0
3742,0
3743,0
3744,0
3745,1
3746,1
3747,1
3748,1
3749,0
3750,0
3751,0
3752,0
3753,1
3754,1
3755,1
3756,1
3757,1
3758,1
3759,1
3760,1
3761,1
3762,1
3763,1
3764,0
3765,0
3766,0
3767,0
3768,0
3769,0
3770,0
3771,0
3772,0
3773,0
3774,0
3775,0
3776,0
3777,0
3778,0
3779,0
3780,0
3781,0
3782,0
3783,1
3784,1
3785,1
3786,1
3787,1
3788,1
3789,1
3790,1
3791,0
3792,0
3793,0
3794,0
3795,0
3796,0
3797,0
3798,0
3799,0
3800,0
3801,0
3802,0
3803,0
3804,0
3805,0
3806,0
3807,0
3808,0
3809,0
3810,0
3811,0
3812,0
3813,1
3814,1
3815,1
3816,1
3817,1
3818,1
3819,1
3820,1
3821,1
3822,1
3823,1
3824,1
3825,0
3826,0
3827,0
3828,0
3829,0
3830,0
3831,0
3832,0
3833,0
3834,0
3835,0
3836,0
3837,0
3838,0
3839,0
3840,1
3841,0
3842,1
3843,0
3844,0
3845,0
3846,1
3847,1
3848,0
3849,0
3850,0
3851,0
3852,1
3853,0
3854,0
3855,0
3856,0
3857,0
3858,0
3859,0
3860,1
3861,1
3862,0
3863,0
3864,0
3865,0
3866,1
3867,1
3868,1
3869,1
3870,0
3871,0
3872,0
3873,0
3874,0
3875,1
3876,0
3877,1
3878,1
3879,0
3880,0
3881,0
3882,0
3883,0
3884,0
3885,0
3886,0
3887,0
3888,0
3889,1
3890,1
3891,1
3892,1
3893,0
3894,0
3895,0
3896,0
3897,1
3898,1
3899,1
3900,1
3901,1
3902,1
3903,1
3904,1
3905,0
3906,1
3907,1
3908,1
3909,0
3910,0
3911,0
3912,0
3913,0
3914,0
3915,0
3916,0
3917,0
3918,0
3919,0
3920,0
3921,0
3922,0
3923,0
3924,0
3925,0
3926,0
3927,1
3928,1
3929,1
3930,1
3931,1
3932,1
3933,1
3934,1
3935,0
3936,0
3937,0
3938,0
3939,0
3940,0
3941,0
3942,0
3943,0
3944,0
3945,0
3946,0
3947,0
3948,0
3949,0
3950,0
3951,0
3952,0
3953,0
3954,0
3955,0
3956,0
3957,1
3958,1
3959,1
3960,1
3961,1
3962,1
3963,1
3964,1
3965,1
3966,1
3967,1
3968,1
3969,0
3970,0
3971,0
3972,0
3973,0
3974,0
3975,0
3976,0
3977,0
3978,0
3979,0
3980,0
3981,0
3982,0
3983,1
3984,1
3985,0
3986,0
3987,0
3988,0
3989,0
3990,1
3991,1
3992,1
3993,0
3994,1
3995,0
3996,1
3997,0
3998,0
3999,0
4000,0
4001,0
4002,0
4003,0
4004,0
4005,0
4006,0
4007,0
4008,1
4009,1
4010,1
4011,1
4012,1
4013,1
4014,1
4015,0
4016,1
4017,1
4018,1
4019,1
4020,1
4021,1
4022,0
4023,0
4024,0
4025,0
4026,0
4027,0
4028,0
4029,0
4030,0
4031,0
4032,1
4033,1
4034,0
4035,0
4036,0
4037,0
4038,1
4039,1
4040,1
4041,1
4042,1
4043,1
4044,1
4045,1
4046,0
4047,1
4048,0
4049,1
4050,0
4051,0
4052,0
4053,0
4054,0
4055,0
4056,1
4057,1
4058,0
4059,0
4060,0
4061,0
4062,0
4063,0
4064,0
4065,0
4066,0
4067,0
4068,0
4069,0
4070,1
4071,1
4072,1
4073,1
4074,1
4075,1
4076,0
4077,0
4078,0
4079,0
4080,0
4081,0
4082,0
4083,0
4084,0
4085,0
4086,0
4087,0
4088,0
4089,0
4090,0
4091,0
4092,0
4093,0
4094,0
4095,0
4096,0
4097,0
4098,0
4099,0
4100,1
4101,1
4102,1
4103,1
4104,1
4105,1
4106,1
4107,1
4108,1
4109,1
4110,0
4111,0
4112,0
4113,0
4114,0
4115,0
4116,1
4117,1
4118,0
4119,0
4120,0
4121,0
4122,0
4123,0
4124,0
4125,0
4126,1
4127,0
4128,1
4129,0
4130,1
4131,1
4132,0
4133,1
4134,0
4135,0
4136,0
4137,0
4138,0
4139,0
4140,0
4141,0
4142,0
4143,0
4144,0
4145,0
4146,1
4147,0
4148,0
4149,0
4150,0
4151,0
4152,1
4153,1
4154,1
4155,1
4156,1
4157,0
4158,0
4159,0
4160,1
4161,1
4162,1
4163,1
4164,1
4165,0
4166,0
4167,0
4168,0
4169,0
4170,0
4171,0
4172,0
4173,0
4174,1
4175,1
4176,0
4177,0
4178,0
4179,0
4180,1
4181,1
4182,1
4183,1
4184,1
4185,1
4186,1
4187,0
4188,1
4189,1
4190,1
4191,1
4192,0
4193,0
4194,0
4195,0
4196,0
4197,0
4198,1
4199,1
4200,0
4201,0
4202,0
4203,0
4204,0
4205,0
4206,0
4207,0
4208,0
4209,0
4210,0
4211,0
4212,1
4213,1
4214,1
4215,1
4216,1
4217,1
4218,0
4219,0
4220,0
4221,0
4222,0
4223,0
4224,0
4225,0
4226,0
4227,0
4228,0
4229,0
4230,0
4231,0
4232,0
4233,0
4234,0
4235,0
4236,0
4237,0
4238,0
4239,0
4240,0
4241,0
4242,1
4243,1
4244,1
4245,1
4246,1
4247,1
4248,1
4249,1
4250,1
4251,1
4252,0
4253,0
4254,0
4255,0
4256,0
4257,0
4258,1
4259,1
4260,0
4261,0
4262,0
4263,0
4264,0
4265,0
4266,0
4267,0
4268,1
4269,0
4270,0
4271,1
4272,0
4273,0
4274,1
4275,1
4276,1
4277,1
4278,1
4279,1
4280,0
4281,0
4282,0
4283,0
4284,0
4285,0
4286,0
4287,1
4288,0
4289,0
4290,0
4291,0
4292,1
4293,0
4294,0
4295,1
4296,0
4297,0
4298,0
4299,1
4300,1
4301,1
4302,1
4303,0
4304,0
4305,0
4306,0
4307,0
4308,0
4309,0
4310,0
4311,0
4312,0
4313,0
4314,0
4315,0
4316,1
4317,1
4318,1
4319,1
4320,1
4321,1
4322,1
4323,1
4324,1
4325,1
4326,1
4327,1
4328,0
4329,1
4330,0
4331,0
4332,0
4333,0
4334,0
4335,0
4336,1
4337,1
4338,1
4339,1
4340,0
4341,0
4342,0
4343,0
4344,0
4345,0
4346,0
4347,0
4348,0
4349,0
4350,1
4351,1
4352,1
4353,1
4354,1
4355,1
4356,0
4357,0
4358,0
4359,0
4360,0
4361,0
4362,0
4363,0
4364,0
4365,0
4366,0
4367,0
4368,0
4369,0
4370,0
4371,0
4372,0
4373,0
4374,0
4375,0
4376,0
4377,0
4378,0
4379,0
4380,1
4381,1
4382,1
4383,1
4384,1
4385,1
4386,1
4387,1
4388,1
4389,1
4390,0
4391,0
4392,0
4393,0
4394,1
4395,1
4396,0
4397,0
4398,0
4399,0
4400,0
4401,0
4402,0
4403,0
4404,0
4405,0
4406,0
4407,0
4408,0
4409,0
4410,1
4411,0
4412,0
4413,1
4414,1
4415,0
4416,0
4417,0
4418,0
4419,1
4420,0
4421,1
4422,1
4423,1
4424,1
4425,1
4426,1
4427,1
4428,0
4429,1
4430,1
4431,0
4432,0
4433,1
4434,0
4435,0
4436,0
4437,0
4438,0
4439,1
4440,1
4441,0
4442,0
4443,0
4444,0
4445,0
4446,0
4447,0
4448,0
4449,0
4450,0
4451,0
4452,0
4453,0
4454,1
4455,1
4456,1
4457,1
4458,1
4459,1
4460,1
4461,0
4462,0
4463,1
4464,1
4465,1
4466,1
4467,1
4468,0
4469,0
4470,0
4471,0
4472,0
4473,0
4474,1
4475,1
4476,1
4477,1
4478,0
4479,0
4480,0
4481,0
4482,0
4483,0
4484,0
4485,0
4486,0
4487,0
4488,1
4489,1
4490,1
4491,1
4492,1
4493,1
4494,0
4495,0
4496,0
4497,0
4498,0
4499,0
4500,0
4501,0
4502,0
4503,0
4504,0
4505,0
4506,0
4507,0
4508,0
4509,0
4510,0
4511,0
4512,0
4513,0
4514,0
4515,0
4516,0
4517,0
4518,1
4519,1
4520,1
4521,1
4522,1
4523,1
4524,1
4525,1
4526,1
4527,1
4528,0
4529,0
4530,0
4531,0
4532,1
4533,1
4534,0
4535,0
4536,0
4537,0
4538,0
4539,0
4540,0
4541,0
4542,0
4543,0
4544,0
4545,0
4546,0
4547,0
4548,0
4549,1
4550,1
4551,1
4552,1
4553,1
4554,0
4555,0
4556,1
4557,0
4558,0
4559,1
4560,0
4561,1
4562,0
4563,1
4564,1
4565,1
4566,0
4567,0
4568,1
4569,0
4570,0
4571,0
4572,0
4573,0
4574,0
4575,0
4576,0
4577,0
4578,0
4579,0
4580,0
4581,0
4582,0
4583,0
4584,0
4585,0
4586,0
4587,0
4588,0
4589,0
4590,0
4591,0
4592,0
4593,1
4594,1
4595,1
4596,1
4597,1
4598,1
4599,1
4600,1
4601,0
4602,1
4603,1
4604,1
4605,1
4606,1
4607,0
4608,0
4609,0
4610,0
4611,0
4612,0
4613,0
4614,0
4615,1
4616,1
4617,1
4618,1
4619,1
4620,1
4621,0
4622,0
4623,0
4624,0
4625,0
4626,0
4627,1
4628,1
4629,1
4630,1
4631,1
4632,1
4633,0
4634,0
4635,0
4636,0
4637,0
4638,0
4639,0
4640,0
4641,0
4642,0
4643,0
4644,0
4645,0
4646,0
4647,0
4648,0
4649,0
4650,0
4651,0
4652,0
4653,0
4654,0
4655,0
4656,0
4657,0
4658,0
4659,1
4660,1
4661,1
4662,1
4663,1
4664,1
4665,1
4666,1
4667,0
4668,0
4669,0
4670,0
4671,0
4672,0
4673,0
4674,0
4675,0
4676,0
4677,0
4678,0
4679,0
4680,0
4681,0
4682,0
4683,0
4684,0
4685,1
4686,1
4687,0
4688,0
4689,0
4690,0
4691,1
4692,1
4693,1
4694,0
4695,1
4696,0
4697,0
4698,1
4699,0
4700,0
4701,0
4702,0
4703,0
4704,1
4705,1
4706,0
4707,0
4708,0
4709,0
4710,0
4711,0
4712,0
4713,0
4714,0
4715,0
4716,0
4717,0
4718,0
4719,0
4720,0
4721,1
4722,0
4723,0
4724,0
4725,0
4726,0
4727,0
4728,0
4729,0
4730,0
4731,0
4732,1
4733,1
4734,1
4735,1
4736,1
4737,1
4738,0
4739,1
4740,0
4741,1
4742,1
4743,1
4744,0
4745,1
4746,0
4747,0
4748,0
4749,0
4750,0
4751,0
4752,0
4753,0
4754,1
4755,1
4756,1
4757,1
4758,1
4759,1
4760,0
4761,0
4762,0
4763,0
4764,0
4765,0
4766,1
4767,1
4768,1
4769,1
4770,1
4771,1
4772,0
4773,0
4774,0
4775,0
4776,0
4777,0
4778,0
4779,0
4780,0
4781,0
4782,0
4783,0
4784,0
4785,0
4786,0
4787,0
4788,0
4789,0
4790,0
4791,0
4792,0
4793,0
4794,0
4795,0
4796,0
4797,0
4798,1
4799,1
4800,1
4801,1
4802,1
4803,1
4804,1
4805,1
4806,0
4807,0
4808,0
4809,0
4810,0
4811,0
4812,0
4813,0
4814,0
4815,0
4816,0
4817,0
4818,0
4819,0
4820,0
4821,0
4822,0
4823,0
4824,0
4825,1
4826,0
4827,0
4828,0
4829,0
4830,0
4831,1
4832,1
4833,0
4834,1
4835,1
4836,0
4837,0
4838,1
4839,0
4840,1
4841,0
4842,0
4843,0
4844,0
4845,1
4846,1
4847,0
4848,0
4849,0
4850,0
4851,0
4852,0
4853,0
4854,1
4855,0
4856,0
4857,0
4858,0
4859,0
4860,0
4861,0
4862,0
4863,0
4864,0
4865,0
4866,0
4867,0
4868,0
4869,0
4870,1
4871,1
4872,0
4873,1
4874,1
4875,1
4876,1
4877,0
4878,0
4879,0
4880,0
4881,0
4882,0
4883,0
4884,0
4885,0
4886,0
4887,0
4888,0
4889,0
4890,1
4891,1
4892,1
4893,1
4894,1
4895,1
4896,1
4897,1
4898,1
4899,1
4900,1
4901,1
4902,1
4903,1
4904,1
4905,1
4906,0
4907,0
4908,0
4909,0
4910,0
4911,0
4912,0
4913,0
4914,0
4915,0
4916,0
4917,0
4918,0
4919,0
4920,0
4921,0
4922,0
4923,0
4924,0
4925,0
4926,0
4927,0
4928,0
4929,0
4930,0
4931,0
4932,0
4933,0
4934,0
4935,0
4936,0
4937,0
4938,1
4939,1
4940,0
4941,0
4942,0
4943,1
4944,0
4945,0
4946,0
4947,0
4948,0
4949,0
4950,0
4951,0
4952,0
4953,0
4954,0
4955,0
4956,0
4957,0
4958,0
4959,0
4960,0
4961,0
4962,1
4963,0
4964,0
4965,0
4966,1
4967,0
4968,0
4969,1
4970,1
4971,0
4972,1
4973,1
4974,0
4975,1
4976,0
4977,1
4978,1
4979,1
4980,0
4981,0
4982,0
4983,0
4984,0
4985,0
4986,0
4987,0
4988,0
4989,0
4990,0
4991,0
4992,0
4993,0
4994,1
4995,0
4996,0
4997,0
4998,0
4999,0
5000,0
5001,0
5002,0
5003,0
5004,0
5005,0
5006,0
5007,0
5008,0
5009,0
5010,1
5011,1
5012,1
5013,0
5014,1
5015,1
5016,1
5017,1
5018,0
5019,0
5020,0
5021,0
5022,0
5023,0
5024,0
5025,0
5026,0
5027,0
5028,0
5029,0
5030,1
5031,1
5032,1
5033,1
5034,1
5035,1
5036,1
5037,1
5038,1
5039,1
5040,1
5041,1
5042,1
5043,1
5044,1
5045,1
5046,0
5047,0
5048,0
5049,0
5050,0
5051,0
5052,0
5053,0
5054,0
5055,0
5056,0
5057,0
5058,0
5059,0
5060,0
5061,0
5062,0
5063,0
5064,0
5065,0
5066,0
5067,0
5068,0
5069,0
5070,0
5071,0
5072,0
5073,0
5074,0
5075,0
5076,0
5077,0
5078,1
5079,1
5080,0
5081,0
5082,0
5083,0
5084,0
5085,0
5086,0
5087,0
5088,0
5089,0
5090,0
5091,0
5092,0
5093,0
5094,0
5095,0
5096,0
5097,0
5098,0
5099,0
5100,0
5101,0
5102,0
5103,0
5104,0
5105,1
5106,0
5107,0
5108,1
5109,0
5110,0
5111,0
5112,1
5113,1
5114,1
5115,1
5116,1
5117,0
5118,1
5119,1
5120,0
5121,0
5122,1
5123,0
5124,0
5125,0
5126,0
5127,1
5128,1
5129,0
5130,1
5131,0
5132,0
5133,0
5134,0
5135,0
5136,0
5137,0
5138,0
5139,0
5140,0
5141,0
5142,0
5143,0
5144,0
5145,0
5146,0
5147,0
5148,0
5149,1
5150,1
5151,0
5152,0
5153,1
5154,1
5155,1
5156,1
5157,0
5158,0
5159,0
5160,0
5161,0
5162,0
5163,0
5164,0
5165,0
5166,0
5167,0
5168,0
5169,1
5170,1
5171,1
5172,1
5173,1
5174,1
5175,1
5176,1
5177,1
5178,1
5179,1
5180,1
5181,1
5182,1
5183,1
5184,1
5185,0
5186,0
5187,0
5188,0
5189,0
5190,0
5191,0
5192,0
5193,0
5194,0
5195,0
5196,0
5197,0
5198,0
5199,0
5200,0
5201,0
5202,0
5203,0
5204,0
5205,0
5206,0
5207,0
5208,0
5209,0
5210,0
5211,0
5212,0
5213,0
5214,0
5215,0
5216,0
5217,0
5218,0
5219,1
5220,1
5221,0
5222,0
5223,0
5224,0
5225,0
5226,0
5227,0
5228,0
5229,0
5230,0
5231,0
5232,0
5233,0
5234,0
5235,0
5236,0
5237,0
5238,0
5239,0
5240,0
5241,0
5242,0
5243,1
5244,1
5245,0
5246,0
5247,0
5248,0
5249,0
5250,0
5251,1
5252,1
5253,0
5254,1
5255,0
5256,1
5257,0
5258,0
5259,0
5260,1
5261,0
5262,0
5263,0
5264,0
5265,1
5266,1
5267,1
5268,1
5269,0
5270,0
5271,0
5272,0
5273,0
5274,0
5275,0
5276,0
5277,0
5278,0
5279,0
5280,0
5281,0
5282,0
5283,0
5284,0
5285,0
5286,0
5287,1
5288,1
5289,1
5290,1
5291,1
5292,0
5293,1
5294,1
5295,0
5296,0
5297,0
5298,0
5299,0
5300,0
5301,0
5302,0
5303,0
5304,0
5305,0
5306,0
5307,1
5308,1
5309,1
5310,1
5311,1
5312,1
5313,1
5314,1
5315,1
5316,1
5317,1
5318,1
5319,1
5320,1
5321,1
5322,1
5323,0
5324,0
5325,0
5326,0
5327,0
5328,0
5329,0
5330,0
5331,0
5332,0
5333,0
5334,0
5335,0
5336,0
5337,0
5338,0
5339,0
5340,0
5341,0
5342,0
5343,0
5344,0
5345,0
5346,0
5347,0
5348,0
5349,0
5350,0
5351,0
5352,0
5353,0
5354,0
5355,0
5356,0
5357,1
5358,1
5359,1
5360,0
5361,1
5362,1
5363,0
5364,1
5365,0
5366,0
5367,0
5368,0
5369,0
5370,0
5371,0
5372,0
5373,0
5374,0
5375,0
5376,0
5377,0
5378,0
5379,0
5380,0
5381,1
5382,0
5383,1
5384,0
5385,1
5386,0
5387,0
5388,1
5389,0
5390,0
5391,0
5392,1
5393,1
5394,0
5395,1
5396,0
5397,0
5398,0
5399,1
5400,1
5401,1
5402,1
5403,1
5404,0
5405,0
5406,0
5407,0
5408,0
5409,0
5410,0
5411,0
5412,0
5413,0
5414,0
5415,0
5416,0
5417,0
5418,0
5419,0
5420,0
5421,0
5422,0
5423,0
5424,1
5425,1
5426,1
5427,1
5428,1
5429,1
5430,1
5431,1
5432,1
5433,1
5434,1
5435,0
5436,0
5437,0
5438,0
5439,0
5440,0
5441,0
5442,0
5443,0
5444,0
5445,0
5446,0
5447,0
5448,1
5449,1
5450,1
5451,1
5452,1
5453,1
5454,1
5455,1
5456,1
5457,1
5458,1
5459,1
5460,1
5461,1
5462,0
5463,0
5464,0
5465,0
5466,0
5467,0
5468,0
5469,0
5470,0
5471,0
5472,0
5473,0
5474,0
5475,0
5476,0
5477,0
5478,0
5479,0
5480,0
5481,0
5482,0
5483,0
5484,0
5485,0
5486,0
5487,0
5488,0
5489,0
5490,0
5491,0
5492,0
5493,0
5494,0
5495,0
5496,1
5497,1
5498,1
5499,1
5500,1
5501,1
5502,0
5503,0
5504,0
5505,0
5506,0
5507,0
5508,0
5509,0
5510,0
5511,0
5512,0
5513,0
5514,0
5515,0
5516,0
5517,0
5518,0
5519,0
5520,1
5521,1
5522,0
5523,0
5524,0
5525,0
5526,1
5527,0
5528,1
5529,1
5530,0
5531,0
5532,0
5533,0
5534,0
5535,0
5536,1
5537,1
5538,1
5539,1
5540,1
5541,0
5542,1
5543,0
5544,0
5545,0
5546,0
5547,0
5548,0
5549,0
5550,0
5551,0
5552,0
5553,0
5554,0
5555,0
5556,0
5557,0
5558,0
5559,0
5560,0
5561,0
5562,0
5563,0
5564,1
5565,1
5566,1
5567,1
5568,1
5569,1
5570,1
5571,1
5572,1
5573,1
5574,1
5575,0
5576,0
5577,0
5578,0
5579,0
5580,0
5581,0
5582,0
5583,0
5584,0
5585,0
5586,0
5587,1
5588,1
5589,1
5590,1
5591,1
5592,1
5593,1
5594,1
5595,1
5596,1
5597,1
5598,1
5599,1
5600,1
5601,0
5602,0
5603,0
5604,0
5605,0
5606,0
5607,0
5608,0
5609,0
5610,0
5611,0
5612,0
5613,0
5614,0
5615,0
5616,0
5617,0
5618,0
5619,0
5620,0
5621,0
5622,0
5623,0
5624,0
5625,0
5626,0
5627,0
5628,0
5629,0
5630,0
5631,0
5632,0
5633,0
5634,0
5635,1
5636,1
5637,1
5638,1
5639,1
5640,1
5641,0
5642,0
5643,0
5644,0
5645,0
5646,0
5647,0
5648,0
5649,0
5650,0
5651,0
5652,0
5653,0
5654,0
5655,0
5656,0
5657,0
5658,0
5659,1
5660,1
5661,1
5662,0
5663,1
5664,0
5665,0
5666,0
5667,1
5668,1
5669,0
5670,0
5671,0
5672,0
5673,0
5674,0
5675,0
5676,0
5677,0
5678,0
5679,1
5680,1
5681,1
5682,1
5683,1
5684,1
5685,0
5686,0
5687,0
5688,0
5689,0
5690,0
5691,0
5692,0
5693,0
5694,0
5695,0
5696,0
5697,1
5698,1
5699,1
5700,1
5701,0
5702,0
5703,0
5704,0
5705,1
5706,1
5707,1
5708,1
5709,1
5710,1
5711,1
5712,1
5713,1
5714,1
5715,1
5716,1
5717,0
5718,0
5719,0
5720,0
5721,0
5722,0
5723,0
5724,0
5725,0
5726,0
5727,0
5728,0
5729,0
5730,0
5731,1
5732,1
5733,1
5734,1
5735,1
5736,1
5737,1
5738,1
5739,1
5740,1
5741,0
5742,0
5743,0
5744,0
5745,0
5746,0
5747,0
5748,0
5749,0
5750,0
5751,0
5752,0
5753,0
5754,0
5755,0
5756,0
5757,0
5758,0
5759,0
5760,0
5761,0
5762,0
5763,0
5764,0
5765,0
5766,0
5767,0
5768,0
5769,0
5770,0
5771,0
5772,0
5773,0
5774,0
5775,0
5776,0
5777,0
5778,0
5779,1
5780,1
5781,0
5782,0
5783,0
5784,0
5785,0
5786,0
5787,0
5788,0
5789,0
5790,0
5791,0
5792,0
5793,0
5794,0
5795,0
5796,0
5797,0
5798,0
5799,0
5800,0
5801,0
5802,0
5803,0
5804,0
5805,0
5806,0
5807,0
5808,1
5809,1
5810,1
5811,0
5812,0
5813,0
5814,0
5815,0
5816,0
5817,0
5818,0
5819,0
5820,0
5821,0
5822,0
5823,0
5824,1
5825,0
5826,0
5827,0
5828,1
5829,1
5830,1
5831,1
5832,1
5833,0
5834,0
5835,0
5836,0
5837,0
5838,0
5839,0
5840,0
5841,0
5842,0
5843,0
5844,0
5845,1
5846,1
5847,1
5848,1
5849,0
5850,0
5851,0
5852,0
5853,1
5854,1
5855,1
5856,1
5857,1
5858,1
5859,1
5860,1
5861,1
5862,1
5863,0
5864,1
5865,0
5866,0
5867,0
5868,0
5869,0
5870,0
5871,0
5872,0
5873,0
5874,0
5875,0
5876,0
5877,0
5878,0
5879,1
5880,1
5881,1
5882,1
5883,1
5884,1
5885,1
5886,1
5887,1
5888,1
5889,0
5890,0
5891,0
5892,0
5893,0
5894,0
5895,0
5896,0
5897,0
5898,0
5899,0
5900,0
5901,0
5902,0
5903,0
5904,0
5905,0
5906,0
5907,0
5908,0
5909,0
5910,0
5911,0
5912,0
5913,0
5914,0
5915,0
5916,0
5917,0
5918,0
5919,0
5920,0
5921,0
5922,0
5923,0
5924,0
5925,0
5926,0
5927,1
5928,1
5929,0
5930,1
5931,1
5932,1
5933,0
5934,0
5935,0
5936,0
5937,0
5938,0
5939,0
5940,0
5941,0
5942,0
5943,0
5944,0
5945,0
5946,0
5947,0
5948,0
5949,0
5950,0
5951,0
5952,0
5953,0
5954,1
5955,0
5956,0
5957,0
5958,1
5959,0
5960,0
5961,0
5962,0
5963,0
5964,0
5965,1
5966,0
5967,0
5968,0
5969,0
5970,0
5971,0
5972,0
5973,0
5974,0
5975,0
5976,0
5977,0
5978,0
5979,0
5980,0
5981,0
5982,1
5983,1
5984,1
5985,1
5986,1
5987,1
5988,0
5989,1
5990,1
5991,1
5992,1
5993,1
5994,1
5995,0
5996,0
5997,0
5998,0
5999,1
6000,1
6001,1
6002,1
6003,0
6004,1
6005,1
6006,0
6007,1
6008,1
6009,0
6010,1
6011,1
6012,1
6013,0
6014,0
6015,0
6016,0
6017,0
6018,0
6019,0
6020,0
6021,0
6022,0
6023,0
6024,0
6025,0
6026,0
6027,1
6028,1
6029,1
6030,1
6031,0
6032,0
6033,0
6034,0
6035,0
6036,0
6037,0
6038,0
6039,0
6040,0
6041,0
6042,0
6043,0
6044,0
6045,0
6046,0
6047,0
6048,0
6049,0
6050,0
6051,0
6052,0
6053,0
6054,0
6055,0
6056,0
6057,0
6058,0
6059,0
6060,0
6061,0
6062,0
6063,0
6064,0
6065,0
6066,0
6067,0
6068,0
6069,0
6070,0
6071,0
6072,0
6073,0
6074,0
6075,0
6076,0
6077,0
6078,0
6079,0
6080,0
6081,0
6082,0
6083,0
6084,0
6085,0
6086,0
6087,0
6088,0
6089,0
6090,0
6091,0
6092,0
6093,0
6094,0
6095,0
6096,0
6097,0
6098,0
6099,0
6100,0
6101,0
6102,0
6103,0
6104,0
6105,0
6106,0
6107,0
6108,0
6109,0
6110,0
6111,0
6112,0
6113,0
6114,0
6115,0
6116,1
6117,1
6118,1
6119,1
6120,1
6121,1
6122,1
6123,1
6124,0
6125,0
6126,0
6127,0
6128,0
6129,0
6130,1
6131,1
6132,1
6133,1
6134,1
6135,0
6136,1
6137,1
6138,1
6139,1
6140,0
6141,1
6142,1
6143,1
6144,0
6145,0
6146,0
6147,0
6148,0
6149,0
6150,0
6151,0
6152,0
6153,0
6154,0
6155,0
6156,0
6157,0
6158,1
6159,1
6160,1
6161,1
6162,0
6163,0
6164,0
6165,0
6166,0
6167,0
6168,0
6169,0
6170,0
6171,0
6172,0
6173,0
6174,0
6175,0
6176,0
6177,0
6178,0
6179,0
6180,0
6181,0
6182,0
6183,0
6184,0
6185,0
6186,0
6187,0
6188,0
6189,0
6190,0
6191,0
6192,0
6193,0
6194,0
6195,0
6196,0
6197,0
6198,0
6199,0
6200,0
6201,0
6202,0
6203,0
6204,0
6205,0
6206,0
6207,0
6208,0
6209,0
6210,0
6211,0
6212,0
6213,0
6214,0
6215,0
6216,0
6217,0
6218,0
6219,0
6220,0
6221,0
6222,0
6223,0
6224,0
6225,0
6226,0
6227,0
6228,0
6229,0
6230,0
6231,0
6232,0
6233,0
6234,1
6235,1
6236,0
6237,0
6238,0
6239,0
6240,1
6241,0
6242,0
6243,0
6244,0
6245,1
6246,1
6247,0
6248,0
6249,0
6250,0
6251,0
6252,0
6253,0
6254,0
6255,0
6256,0
6257,0
6258,0
6259,0
6260,0
6261,0
6262,0
6263,1
6264,1
6265,1
6266,1
6267,1
6268,1
6269,1
6270,1
6271,0
6272,0
6273,0
6274,0
6275,0
6276,0
6277,0
6278,0
6279,0
6280,0
6281,0
6282,0
6283,0
6284,0
6285,0
6286,0
6287,0
6288,0
6289,0
6290,0
6291,0
6292,0
6293,0
6294,0
6295,0
6296,0
6297,0
6298,0
6299,0
6300,0
6301,0
6302,0
6303,0
6304,0
6305,0
6306,0
6307,0
6308,0
6309,0
6310,0
6311,0
6312,0
6313,0
6314,0
6315,0
6316,0
6317,0
6318,0
6319,0
6320,0
6321,0
6322,0
6323,0
6324,0
6325,0
6326,0
6327,0
6328,0
6329,1
6330,1
6331,1
6332,1
6333,0
6334,0
6335,0
6336,0
6337,0
6338,0
6339,0
6340,0
6341,0
6342,0
6343,0
6344,0
6345,0
6346,0
6347,0
6348,0
6349,0
6350,0
6351,0
6352,0
6353,0
6354,0
6355,0
6356,0
6357,0
6358,0
6359,1
6360,0
6361,0
6362,1
6363,0
6364,0
6365,1
6366,0
6367,0
6368,0
6369,0
6370,0
6371,0
6372,0
6373,0
6374,0
6375,0
6376,0
6377,0
6378,0
6379,0
6380,0
6381,0
6382,0
6383,0
6384,0
6385,0
6386,0
6387,0
6388,0
6389,0
6390,0
6391,0
6392,0
6393,0
6394,1
6395,1
6396,1
6397,1
6398,0
6399,1
6400,1
6401,1
6402,1
6403,1
6404,0
6405,0
6406,0
6407,0
6408,0
6409,0
6410,0
6411,0
6412,0
6413,0
6414,0
6415,0
6416,0
6417,0
6418,0
6419,0
6420,0
6421,0
6422,0
6423,0
6424,0
6425,0
6426,0
6427,0
6428,0
6429,0
6430,0
6431,0
6432,0
6433,0
6434,0
6435,0
6436,0
6437,0
6438,0
6439,0
6440,0
6441,0
6442,0
6443,0
6444,0
6445,0
6446,0
6447,0
6448,0
6449,0
6450,0
6451,0
6452,0
6453,0
6454,0
6455,0
6456,0
6457,0
6458,0
6459,0
6460,1
6461,1
6462,0
6463,0
6464,0
6465,0
6466,0
6467,0
6468,0
6469,0
6470,0
6471,0
6472,0
6473,0
6474,0
6475,0
6476,0
6477,0
6478,0
6479,0
6480,0
6481,0
6482,0
6483,0
6484,0
6485,0
6486,0
6487,0
6488,0
6489,0
6490,1
6491,1
6492,1
6493,1
6494,0
6495,0
6496,1
6497,0
6498,0
6499,0
6500,0
6501,0
6502,0
6503,1
6504,1
6505,0
6506,0
6507,0
6508,0
6509,0
6510,0
6511,0
6512,0
6513,0
6514,0
6515,0
6516,1
6517,1
6518,0
6519,0
6520,0
6521,0
6522,0
6523,0
6524,0
6525,0
6526,0
6527,0
6528,0
6529,0
6530,0
6531,0
6532,0
6533,0
6534,0
6535,0
6536,0
6537,0
6538,0
6539,0
6540,0
6541,0
6542,0
6543,0
6544,0
6545,0
6546,0
6547,0
6548,0
6549,0
6550,0
6551,0
6552,0
6553,0
6554,0
6555,0
6556,0
6557,0
6558,0
6559,0
6560,0
6561,0
6562,0
6563,0
6564,0
6565,0
6566,0
6567,0
6568,0
6569,0
6570,0
6571,0
6572,0
6573,0
6574,0
6575,0
6576,0
6577,0
6578,0
6579,0
6580,0
6581,0
6582,0
6583,0
6584,0
6585,0
6586,0
6587,0
6588,0
6589,0
6590,0
6591,0
6592,0
6593,0
6594,0
6595,0
6596,0
6597,0
6598,0
6599,0
6600,0
6601,0
6602,0
6603,0
6604,0
6605,0
6606,0
6607,0
6608,0
6609,0
6610,0
6611,0
6612,0
6613,0
6614,0
6615,0
6616,0
6617,0
6618,0
6619,0
6620,0
6621,0
6622,0
6623,0
6624,1
6625,0
6626,1
6627,1
6628,0
6629,0
6630,0
6631,0
6632,0
6633,0
6634,0
6635,0
6636,0
6637,0
6638,0
6639,0
6640,1
6641,1
6642,0
6643,0
6644,0
6645,0
6646,0
6647,0
6648,0
6649,0
6650,0
6651,0
6652,0
6653,1
6654,0
6655,0
6656,0
6657,0
6658,0
6659,0
6660,0
6661,0
6662,0
6663,0
6664,0
6665,0
6666,0
6667,0
6668,0
6669,0
6670,0
6671,0
6672,0
6673,0
6674,0
6675,0
6676,0
6677,0
6678,0
6679,0
6680,0
6681,0
6682,0
6683,0
6684,0
6685,0
6686,0
6687,0
6688,0
6689,0
6690,0
6691,0
6692,0
6693,0
6694,0
6695,0
6696,0
6697,0
6698,0
6699,0
6700,0
6701,0
6702,0
6703,0
6704,0
6705,0
6706,0
6707,0
6708,0
6709,0
6710,0
6711,0
6712,0
6713,0
6714,0
6715,0
6716,0
6717,0
6718,0
6719,0
6720,0
6721,0
6722,0
6723,0
6724,0
6725,0
6726,0
6727,0
6728,0
6729,0
6730,0
6731,0
6732,0
6733,0
6734,0
6735,0
6736,0
6737,0
6738,0
6739,0
6740,0
6741,0
6742,0
6743,0
6744,0
6745,0
6746,0
6747,0
6748,0
6749,0
6750,0
6751,0
6752,0
6753,0
6754,0
6755,0
6756,0
6757,0
6758,0
6759,0
6760,1
6761,1
6762,0
6763,0
6764,0
6765,0
6766,0
6767,1
6768,1
6769,1
6770,1
6771,0
6772,0
6773,0
6774,1
6775,1
6776,0
6777,0
6778,0
6779,0
6780,0
6781,0
6782,0
6783,0
6784,0
6785,0
6786,0
6787,0
6788,0
6789,0
6790,0
6791,0
6792,0
6793,0
6794,0
6795,0
6796,0
6797,0
6798,0
6799,0
6800,0
6801,0
6802,0
6803,0
6804,0
6805,0
6806,0
6807,0
6808,0
6809,0
6810,0
6811,0
6812,1
6813,1
6814,0
6815,0
6816,0
6817,0
6818,0
6819,0
6820,0
6821,0
6822,0
6823,0
6824,0
6825,0
6826,0
6827,0
6828,0
6829,0
6830,0
6831,0
6832,0
6833,0
6834,0
6835,0
6836,0
6837,0
6838,0
6839,0
6840,0
6841,0
6842,0
6843,0
6844,0
6845,0
6846,0
6847,0
6848,0
6849,0
6850,0
6851,0
6852,0
6853,0
6854,0
6855,0
6856,0
6857,0
6858,0
6859,0
6860,0
6861,0
6862,0
6863,0
6864,0
6865,0
6866,0
6867,0
6868,0
6869,0
6870,0
6871,0
6872,0
6873,0
6874,0
6875,0
6876,0
6877,0
6878,0
6879,0
6880,0
6881,0
6882,0
6883,0
6884,0
6885,0
6886,0
6887,0
6888,0
6889,0
6890,0
6891,0
6892,0
6893,0
6894,1
6895,1
6896,0
6897,0
6898,0
6899,0
6900,0
6901,0
6902,0
6903,0
6904,0
6905,0
6906,0
6907,0
6908,0
6909,0
6910,0
6911,0
6912,0
6913,0
6914,0
6915,0
6916,0
6917,0
6918,1
6919,0
6920,0
6921,0
6922,0
6923,0
6924,0
6925,0
6926,0
6927,0
6928,0
6929,0
6930,0
6931,0
6932,1
6933,1
6934,0
6935,0
6936,0
6937,0
6938,0
6939,0
6940,0
6941,0
6942,0
6943,0
6944,0
6945,1
6946,1
6947,0
6948,0
6949,0
6950,0
6951,0
6952,0
6953,0
6954,0
6955,1
6956,1
6957,0
6958,0
6959,0
6960,0
6961,0
6962,0
6963,0
6964,0
6965,0
6966,0
6967,0
6968,0
6969,0
6970,0
6971,0
6972,0
6973,0
6974,0
6975,0
6976,0
6977,0
6978,0
6979,0
6980,0
6981,0
6982,0
6983,0
6984,0
6985,0
6986,0
6987,0
6988,0
6989,0
6990,0
6991,0
6992,0
6993,0
6994,0
6995,0
6996,0
6997,0
6998,0
6999,0
7000,0
7001,0
7002,0
7003,0
7004,0
7005,0
7006,0
7007,0
7008,0
7009,1
7010,1
7011,0
7012,0
7013,0
7014,0
7015,0
7016,0
7017,0
7018,0
7019,0
7020,0
7021,0
7022,0
7023,0
7024,0
7025,0
7026,0
7027,0
7028,0
7029,0
7030,0
7031,0
7032,0
7033,0
7034,0
7035,0
7036,0
7037,1
7038,1
7039,1
7040,0
7041,1
7042,0
7043,0
7044,0
7045,0
7046,0
7047,0
7048,0
7049,0
7050,0
7051,0
7052,0
7053,0
7054,0
7055,0
7056,0
7057,0
7058,0
7059,0
7060,0
7061,0
7062,0
7063,0
7064,0
7065,0
7066,0
7067,0
7068,0
7069,0
7070,0
7071,0
7072,0
7073,0
7074,0
7075,1
7076,0
7077,0
7078,0
7079,0
7080,0
7081,0
7082,0
7083,0
7084,0
7085,0
7086,0
7087,0
7088,1
7089,0
7090,0
7091,0
7092,0
7093,0
7094,0
7095,0
7096,0
7097,1
7098,1
7099,1
7100,1
7101,1
7102,1
7103,1
7104,1
7105,0
7106,0
7107,0
7108,0
7109,0
7110,0
7111,0
7112,0
7113,0
7114,0
7115,0
7116,0
7117,0
7118,0
7119,0
7120,0
7121,0
7122,0
7123,0
7124,0
7125,0
7126,0
7127,0
7128,0
7129,0
7130,0
7131,0
7132,0
7133,0
7134,0
7135,0
7136,0
7137,0
7138,0
7139,0
7140,0
7141,0
7142,0
7143,0
7144,0
7145,0
7146,0
7147,0
7148,0
7149,0
7150,0
7151,1
7152,0
7153,0
7154,0
7155,0
7156,0
7157,0
7158,0
7159,0
7160,0
7161,0
7162,0
7163,0
7164,0
7165,0
7166,0
7167,0
7168,0
7169,0
7170,0
7171,0
7172,0
7173,0
7174,0
7175,0
7176,0
7177,0
7178,0
7179,0
7180,0
7181,0
7182,1
7183,1
7184,0
7185,0
7186,0
7187,0
7188,0
7189,0
7190,0
7191,0
7192,0
7193,1
7194,1
7195,0
7196,0
7197,0
7198,0
7199,1
7200,1
7201,0
7202,0
7203,0
7204,0
7205,0
7206,0
7207,0
7208,0
7209,0
7210,0
7211,0
7212,0
7213,0
7214,0
7215,0
7216,0
7217,0
7218,0
7219,0
7220,0
7221,0
7222,0
7223,0
7224,0
7225,0
7226,0
7227,0
7228,1
7229,0
7230,0
7231,0
7232,0
7233,0
7234,0
7235,0
7236,0
7237,0
7238,0
7239,0
7240,0
7241,0
7242,0
7243,0
7244,0
7245,1
7246,1
7247,1
7248,1
7249,1
7250,1
7251,1
7252,1
7253,0
7254,0
7255,0
7256,0
7257,0
7258,0
7259,0
7260,0
7261,0
7262,0
7263,0
7264,0
7265,0
7266,0
7267,0
7268,0
7269,0
7270,0
7271,0
7272,0
7273,0
7274,0
7275,0
7276,0
7277,0
7278,0
7279,0
7280,0
7281,0
7282,0
7283,0
7284,0
7285,0
7286,0
7287,0
7288,0
7289,0
7290,0
7291,0
7292,0
7293,0
7294,0
7295,0
7296,0
7297,0
7298,0
7299,0
7300,0
7301,0
7302,0
7303,0
7304,0
7305,0
7306,0
7307,0
7308,0
7309,0
7310,0
7311,0
7312,0
7313,0
7314,0
7315,0
7316,0
7317,0
7318,0
7319,0
7320,0
7321,0
7322,0
7323,0
7324,0
7325,0
7326,0
7327,0
7328,0
7329,0
7330,1
7331,1
7332,0
7333,0
7334,0
7335,0
7336,0
7337,0
7338,0
7339,0
7340,0
7341,0
7342,1
7343,0
7344,0
7345,0
7346,0
7347,0
7348,0
7349,0
7350,0
7351,0
7352,0
7353,0
7354,0
7355,0
7356,0
7357,0
7358,0
7359,0
7360,0
7361,0
7362,0
7363,0
7364,0
7365,0
7366,0
7367,0
7368,0
7369,0
7370,0
7371,0
7372,0
7373,1
7374,0
7375,0
7376,0
7377,1
7378,1
7379,0
7380,0
7381,0
7382,1
7383,1
7384,0
7385,0
7386,0
7387,0
7388,0
7389,0
7390,0
7391,0
7392,1
7393,1
7394,1
7395,1
7396,1
7397,1
7398,1
7399,1
7400,1
7401,1
7402,0
7403,0
7404,0
7405,0
7406,0
7407,0
7408,0
7409,0
7410,0
7411,0
7412,0
7413,0
7414,0
7415,0
7416,0
7417,0
7418,0
7419,0
7420,0
7421,0
7422,0
7423,0
7424,0
7425,0
7426,0
7427,0
7428,0
7429,0
7430,0
7431,0
7432,0
7433,0
7434,0
7435,0
7436,0
7437,0
7438,0
7439,0
7440,0
7441,0
7442,0
7443,0
7444,0
7445,0
7446,0
7447,0
7448,0
7449,0
7450,0
7451,0
7452,0
7453,0
7454,0
7455,0
7456,0
7457,0
7458,0
7459,0
7460,0
7461,0
7462,0
7463,0
7464,0
7465,0
7466,0
7467,0
7468,0
7469,0
7470,0
7471,0
7472,0
7473,0
7474,0
7475,0
7476,0
7477,1
7478,0
7479,0
7480,0
7481,0
7482,0
7483,0
7484,0
7485,0
7486,0
7487,0
7488,0
7489,0
7490,0
7491,0
7492,0
7493,0
7494,0
7495,0
7496,0
7497,0
7498,0
7499,0
7500,0
7501,0
7502,0
7503,0
7504,0
7505,0
7506,0
7507,0
7508,0
7509,0
7510,0
7511,0
7512,0
7513,0
7514,0
7515,1
7516,1
7517,0
7518,0
7519,0
7520,0
7521,0
7522,0
7523,0
7524,0
7525,1
7526,1
7527,1
7528,1
7529,1
7530,1
7531,1
7532,1
7533,1
7534,1
7535,0
7536,0
7537,0
7538,0
7539,0
7540,0
7541,0
7542,0
7543,0
7544,0
7545,0
7546,0
7547,0
7548,0
7549,0
7550,0
7551,0
7552,0
7553,0
7554,0
7555,0
7556,0
7557,0
7558,0
7559,0
7560,0
7561,0
7562,0
7563,0
7564,0
7565,0
7566,0
7567,0
7568,0
7569,0
7570,0
7571,0
7572,0
7573,0
7574,0
7575,0
7576,0
7577,0
7578,0
7579,0
7580,0
7581,0
7582,0
7583,0
7584,0
7585,0
7586,0
7587,0
7588,0
7589,0
7590,0
7591,0
7592,0
7593,0
7594,0
7595,0
7596,0
7597,0
7598,0
7599,0
7600,0
7601,0
7602,0
7603,0
7604,0
7605,0
7606,0
7607,0
7608,0
7609,0
7610,0
7611,0
7612,0
7613,0
7614,0
7615,0
7616,0
7617,0
7618,0
7619,0
7620,0
7621,0
7622,0
7623,0
7624,0
7625,0
7626,0
7627,0
7628,0
7629,0
7630,0
7631,0
7632,0
7633,0
7634,0
7635,0
7636,0
7637,0
7638,0
7639,0
7640,0
7641,0
7642,0
7643,0
7644,0
7645,0
7646,0
7647,0
7648,0
7649,0
7650,1
7651,1
7652,0
7653,0
7654,0
7655,0
7656,0
7657,0
7658,1
7659,1
7660,0
7661,0
7662,0
7663,0
7664,1
7665,1
7666,0
7667,1
7668,0
7669,0
7670,0
7671,0
7672,0
7673,0
7674,0
7675,0
7676,0
7677,0
7678,1
7679,1
7680,0
7681,0
7682,0
7683,0
7684,0
7685,0
7686,0
7687,0
7688,0
7689,0
7690,0
7691,0
7692,0
7693,0
7694,0
7695,0
7696,0
7697,0
7698,0
7699,0
7700,0
7701,0
7702,0
7703,0
7704,0
7705,0
7706,0
7707,0
7708,0
7709,0
7710,0
7711,0
7712,1
7713,1
7714,0
7715,1
7716,0
7717,0
7718,0
7719,0
7720,0
7721,0
7722,0
7723,0
7724,0
7725,0
7726,0
7727,0
7728,0
7729,0
7730,0
7731,0
7732,0
7733,0
7734,0
7735,0
7736,0
7737,0
7738,0
7739,0
7740,0
7741,0
7742,0
7743,0
7744,0
7745,0
7746,0
7747,0
7748,0
7749,0
7750,0
7751,0
7752,0
7753,0
7754,0
7755,0
7756,0
7757,0
7758,0
7759,0
7760,0
7761,0
7762,0
7763,0
7764,0
7765,0
7766,0
7767,0
7768,0
7769,0
7770,0
7771,0
7772,0
7773,0
7774,0
7775,0
7776,0
7777,0
7778,1
7779,1
7780,0
7781,0
7782,0
7783,0
7784,0
7785,0
7786,1
7787,1
7788,0
7789,0
7790,0
7791,0
7792,1
7793,1
7794,1
7795,1
7796,0
7797,0
7798,0
7799,0
7800,0
7801,0
7802,0
7803,0
7804,0
7805,0
7806,1
7807,1
7808,0
7809,0
7810,0
7811,0
7812,0
7813,0
7814,0
7815,0
7816,0
7817,0
7818,0
7819,0
7820,0
7821,0
7822,0
7823,0
7824,0
7825,0
7826,0
7827,0
7828,0
7829,0
7830,0
7831,0
7832,0
7833,0
7834,0
7835,0
7836,0
7837,0
7838,0
7839,0
7840,0
7841,0
7842,0
7843,0
7844,0
7845,0
7846,0
7847,0
7848,0
7849,0
7850,0
7851,0
7852,0
7853,0
7854,0
7855,0
7856,0
7857,0
7858,0
7859,0
7860,0
7861,0
7862,0
7863,0
7864,0
7865,0
7866,0
7867,0
7868,0
7869,0
7870,0
7871,0
7872,0
7873,0
7874,0
7875,0
7876,0
7877,0
7878,0
7879,0
7880,0
7881,0
7882,0
7883,0
7884,0
7885,0
7886,0
7887,0
7888,0
7889,0
7890,0
7891,0
7892,0
7893,1
7894,1
7895,1
7896,0
7897,0
7898,0
7899,0
7900,0
7901,1
7902,0
7903,0
7904,0
7905,0
7906,0
7907,0
7908,0
7909,0
7910,0
7911,0
7912,0
7913,0
7914,1
7915,0
7916,0
7917,0
7918,0
7919,0
7920,0
7921,1
7922,1
7923,1
7924,1
7925,1
7926,1
7927,0
7928,0
7929,0
7930,0
7931,0
7932,0
7933,0
7934,0
7935,0
7936,0
7937,0
7938,0
7939,0
7940,0
7941,0
7942,0
7943,0
7944,0
7945,0
7946,0
7947,0
7948,0
7949,0
7950,0
7951,0
7952,0
7953,0
7954,0
7955,0
7956,0
7957,1
7958,0
7959,0
7960,0
7961,0
7962,0
7963,0
7964,0
7965,0
7966,0
7967,0
7968,0
7969,0
7970,0
7971,0
7972,0
7973,0
7974,0
7975,0
7976,0
7977,0
7978,0
7979,0
7980,0
7981,0
7982,0
7983,0
7984,0
7985,0
7986,0
7987,0
7988,0
7989,0
7990,0
7991,0
7992,0
7993,1
7994,0
7995,0
7996,0
7997,0
7998,0
7999,0
8000,0
8001,0
8002,0
8003,0
8004,0
8005,0
8006,0
8007,0
8008,0
8009,0
8010,0
8011,0
8012,0
8013,0
8014,0
8015,0
8016,0
8017,0
8018,0
8019,0
8020,1
8021,1
8022,0
8023,0
8024,0
8025,0
8026,0
8027,0
8028,1
8029,0
8030,0
8031,0
8032,0
8033,0
8034,0
8035,0
8036,0
8037,0
8038,0
8039,0
8040,1
8041,1
8042,0
8043,0
8044,0
8045,0
8046,0
8047,0
8048,1
8049,1
8050,1
8051,1
8052,1
8053,1
8054,0
8055,0
8056,0
8057,0
8058,0
8059,0
8060,0
8061,0
8062,0
8063,0
8064,0
8065,0
8066,0
8067,0
8068,0
8069,0
8070,0
8071,0
8072,0
8073,0
8074,0
8075,0
8076,0
8077,0
8078,0
8079,0
8080,0
8081,0
8082,0
8083,0
8084,0
8085,0
8086,0
8087,0
8088,0
8089,0
8090,0
8091,0
8092,0
8093,0
8094,0
8095,0
8096,0
8097,0
8098,0
8099,0
8100,0
8101,0
8102,0
8103,0
8104,0
8105,0
8106,0
8107,0
8108,0
8109,0
8110,1
8111,1
8112,1
8113,1
8114,0
8115,0
8116,0
8117,0
8118,0
8119,0
8120,0
8121,0
8122,0
8123,0
8124,0
8125,0
8126,0
8127,0
8128,0
8129,0
8130,0
8131,0
8132,0
8133,0
8134,0
8135,0
8136,0
8137,0
8138,0
8139,0
8140,0
8141,0
8142,0
8143,0
8144,0
8145,0
8146,0
8147,0
8148,0
8149,0
8150,0
8151,0
8152,0
8153,0
8154,0
8155,0
8156,0
8157,0
8158,0
8159,0
8160,0
8161,0
8162,0
8163,0
8164,0
8165,0
8166,0
8167,0
8168,0
8169,0
8170,0
8171,0
8172,0
8173,0
8174,0
8175,0
8176,0
8177,0
8178,0
8179,0
8180,0
8181,0
8182,0
8183,0
8184,0
8185,0
8186,0
8187,0
8188,0
8189,0
8190,0
8191,0
8192,0
8193,0
8194,0
8195,0
8196,0
8197,0
8198,0
8199,0
8200,0
8201,0
8202,0
8203,0
8204,0
8205,0
8206,0
8207,0
8208,0
8209,0
8210,0
8211,0
8212,0
8213,0
8214,0
8215,0
8216,0
8217,0
8218,0
8219,0
8220,0
8221,0
8222,0
8223,1
8224,0
8225,0
8226,0
8227,1
8228,1
8229,0
8230,0
8231,0
8232,0
8233,0
8234,0
8235,0
8236,0
8237,0
8238,0
8239,0
8240,0
8241,0
8242,0
8243,0
8244,0
8245,0
8246,0
8247,0
8248,0
8249,0
8250,0
8251,0
8252,0
8253,0
8254,0
8255,0
8256,0
8257,0
8258,0
8259,0
8260,0
8261,0
8262,0
8263,0
8264,0
8265,0
8266,0
8267,0
8268,0
8269,0
8270,0
8271,0
8272,0
8273,0
8274,0
8275,0
8276,0
8277,0
8278,0
8279,0
8280,0
8281,0
8282,0
8283,0
8284,0
8285,0
8286,0
8287,0
8288,0
8289,0
8290,0
8291,0
8292,0
8293,0
8294,0
8295,0
8296,0
8297,0
8298,0
8299,0
8300,0
8301,0
8302,0
8303,0
8304,0
8305,0
8306,0
8307,0
8308,0
8309,0
8310,0
8311,0
8312,0
8313,0
8314,0
8315,0
8316,0
8317,0
8318,0
8319,0
8320,0
8321,0
8322,0
8323,0
8324,0
8325,0
8326,0
8327,0
8328,0
8329,0
8330,0
8331,0
8332,0
8333,0
8334,0
8335,0
8336,0
8337,0
8338,0
8339,0
8340,0
8341,0
8342,0
8343,0
8344,0
8345,1
8346,1
8347,0
8348,0
8349,0
8350,0
8351,0
8352,0
8353,0
8354,0
8355,0
8356,0
8357,0
8358,0
8359,0
8360,0
8361,0
8362,0
8363,0
8364,0
8365,0
8366,0
8367,0
8368,0
8369,0
8370,0
8371,0
8372,0
8373,0
8374,1
8375,1
8376,0
8377,0
8378,0
8379,0
8380,0
8381,0
8382,0
8383,0
8384,0
8385,0
8386,0
8387,0
8388,0
8389,0
8390,0
8391,0
8392,0
8393,0
8394,0
8395,0
8396,0
8397,0
8398,0
8399,0
8400,0
8401,0
8402,0
8403,0
8404,0
8405,0
8406,0
8407,0
8408,0
8409,0
8410,0
8411,0
8412,0
8413,0
8414,0
8415,0
8416,0
8417,0
8418,0
8419,0
8420,0
8421,0
8422,0
8423,0
8424,0
8425,0
8426,0
8427,0
8428,0
8429,0
8430,0
8431,0
8432,0
8433,0
8434,0
8435,0
8436,0
8437,0
8438,0
8439,0
8440,0
8441,0
8442,0
8443,0
8444,0
8445,0
8446,0
8447,0
8448,0
8449,0
8450,0
8451,1
8452,0
8453,0
8454,0
8455,1
8456,0
8457,0
8458,0
8459,0
8460,0
8461,0
8462,0
8463,0
8464,0
8465,0
8466,1
8467,0
8468,0
8469,0
8470,0
8471,0
8472,0
8473,0
8474,0
8475,0
8476,0
8477,0
8478,0
8479,0
8480,0
8481,0
8482,0
8483,0
8484,0
8485,0
8486,0
8487,1
8488,0
8489,0
8490,0
8491,0
8492,0
8493,0
8494,0
8495,0
8496,0
8497,0
8498,0
8499,0
8500,0
8501,0
8502,0
8503,0
8504,0
8505,0
8506,0
8507,0
8508,0
8509,0
8510,0
8511,0
8512,0
8513,0
8514,0
8515,0
8516,0
8517,0
8518,0
8519,0
8520,0
8521,0
8522,0
8523,0
8524,0
8525,0
8526,0
8527,0
8528,0
8529,0
8530,0
8531,0
8532,0
8533,0
8534,0
8535,0
8536,0
8537,0
8538,0
8539,0
8540,0
8541,0
8542,0
8543,0
8544,0
8545,0
8546,0
8547,0
8548,0
8549,0
8550,0
8551,0
8552,0
8553,0
8554,0
8555,0
8556,0
8557,0
8558,0
8559,0
8560,0
8561,0
8562,1
8563,0
8564,0
8565,0
8566,0
8567,0
8568,1
8569,1
8570,1
8571,0
8572,0
8573,1
8574,0
8575,1
8576,0
8577,0
8578,0
8579,0
8580,0
8581,0
8582,0
8583,0
8584,0
8585,0
8586,0
8587,0
8588,0
8589,0
8590,0
8591,0
8592,0
8593,1
8594,1
8595,1
8596,1
8597,0
8598,0
8599,0
8600,0
8601,0
8602,0
8603,0
8604,0
8605,1
8606,0
8607,0
8608,0
8609,0
8610,0
8611,0
8612,0
8613,0
8614,0
8615,1
8616,0
8617,0
8618,0
8619,0
8620,0
8621,0
8622,0
8623,0
8624,0
8625,0
8626,0
8627,0
8628,0
8629,0
8630,0
8631,0
8632,0
8633,0
8634,0
8635,0
8636,0
8637,0
8638,0
8639,0
8640,0
8641,0
8642,0
8643,0
8644,0
8645,0
8646,0
8647,0
8648,0
8649,0
8650,0
8651,0
8652,1
8653,0
8654,0
8655,0
8656,0
8657,0
8658,0
8659,0
8660,0
8661,0
8662,0
8663,0
8664,0
8665,0
8666,0
8667,0
8668,0
8669,0
8670,0
8671,0
8672,0
8673,0
8674,1
8675,0
8676,0
8677,0
8678,0
8679,0
8680,0
8681,0
8682,0
8683,0
8684,0
8685,0
8686,1
8687,1
8688,0
8689,0
8690,0
8691,0
8692,0
8693,0
8694,0
8695,0
8696,0
8697,0
8698,0
8699,0
8700,0
8701,0
8702,0
8703,0
8704,0
8705,1
8706,1
8707,1
8708,0
8709,0
8710,0
8711,0
8712,0
8713,0
8714,0
8715,0
8716,0
8717,0
8718,0
8719,0
8720,1
8721,0
8722,0
8723,0
8724,0
8725,0
8726,0
8727,0
8728,0
8729,0
8730,0
8731,0
8732,0
8733,0
8734,0
8735,0
8736,0
8737,0
8738,0
8739,0
8740,0
8741,0
8742,0
8743,0
8744,0
8745,0
8746,0
8747,0
8748,0
8749,0
8750,0
8751,0
8752,0
8753,0
8754,0
8755,0
8756,0
8757,0
8758,1
8759,0
8760,0
8761,0
8762,0
8763,0
8764,0
8765,0
8766,0
8767,0
8768,0
8769,0
8770,0
8771,0
8772,0
8773,0
8774,0
8775,0
8776,0
8777,0
8778,0
8779,0
8780,0
8781,0
8782,0
8783,1
8784,1
8785,1
8786,1
8787,0
8788,0
8789,0
8790,0
8791,0
8792,0
8793,0
8794,0
8795,0
8796,0
8797,0
8798,0
8799,0
8800,0
8801,0
8802,0
8803,0
8804,0
8805,0
8806,0
8807,0
8808,1
8809,0
8810,0
8811,0
8812,0
8813,1
8814,0
8815,0
8816,0
8817,0
8818,0
8819,0
8820,0
8821,0
8822,0
8823,0
8824,0
8825,0
8826,0
8827,0
8828,0
8829,0
8830,0
8831,0
8832,0
8833,0
8834,0
8835,0
8836,0
8837,0
8838,0
8839,0
8840,0
8841,0
8842,0
8843,0
8844,0
8845,0
8846,0
8847,0
8848,0
8849,0
8850,0
8851,0
8852,0
8853,0
8854,1
8855,0
8856,1
8857,0
8858,0
8859,0
8860,0
8861,0
8862,0
8863,0
8864,0
8865,0
8866,1
8867,0
8868,0
8869,0
8870,0
8871,0
8872,0
8873,0
8874,0
8875,0
8876,0
8877,1
8878,0
8879,1
8880,1
8881,1
8882,0
8883,0
8884,0
8885,0
8886,0
8887,0
8888,0
8889,0
8890,0
8891,0
8892,0
8893,0
8894,0
8895,0
8896,0
8897,0
8898,0
8899,0
8900,0
8901,0
8902,1
8903,0
8904,0
8905,0
8906,0
8907,0
8908,0
8909,0
8910,0
8911,0
8912,0
8913,0
8914,0
8915,0
8916,1
8917,1
8918,0
8919,0
8920,0
8921,0
8922,0
8923,0
8924,0
8925,0
8926,0
8927,0
8928,0
8929,0
8930,0
8931,0
8932,0
8933,0
8934,0
8935,0
8936,0
8937,0
8938,0
8939,0
8940,0
8941,0
8942,0
8943,0
8944,0
8945,1
8946,0
8947,0
8948,0
8949,0
8950,0
8951,0
8952,0
8953,0
8954,0
8955,0
8956,0
8957,0
8958,0
8959,0
8960,0
8961,0
8962,0
8963,0
8964,0
8965,0
8966,0
8967,0
8968,1
8969,1
8970,1
8971,0
8972,0
8973,0
8974,0
8975,0
8976,0
8977,0
8978,0
8979,0
8980,0
8981,0
8982,0
8983,1
8984,0
8985,0
8986,0
8987,0
8988,0
8989,1
8990,1
8991,1
8992,1
8993,0
8994,0
8995,0
8996,0
8997,0
8998,0
8999,0
9000,0
9001,0
9002,0
9003,0
9004,0
9005,0
9006,0
9007,1
9008,1
9009,0
9010,0
9011,0
9012,0
9013,0
9014,0
9015,0
9016,0
9017,0
9018,0
9019,0
9020,0
9021,0
9022,0
9023,0
9024,0
9025,0
9026,0
9027,0
9028,0
9029,0
9030,0
9031,0
9032,0
9033,1
9034,1
9035,0
9036,0
9037,0
9038,0
9039,0
9040,0
9041,0
9042,0
9043,0
9044,0
9045,0
9046,0
9047,0
9048,0
9049,0
9050,0
9051,0
9052,0
9053,0
9054,0
9055,0
9056,0
9057,0
9058,1
9059,0
9060,1
9061,1
9062,1
9063,0
9064,0
9065,0
9066,0
9067,0
9068,0
9069,0
9070,0
9071,0
9072,1
9073,0
9074,0
9075,0
9076,0
9077,0
9078,0
9079,0
9080,0
9081,1
9082,1
9083,1
9084,1
9085,1
9086,1
9087,0
9088,0
9089,0
9090,0
9091,0
9092,0
9093,0
9094,0
9095,0
9096,0
9097,0
9098,0
9099,0
9100,0
9101,0
9102,1
9103,1
9104,0
9105,0
9106,0
9107,0
9108,0
9109,0
9110,0
9111,0
9112,0
9113,0
9114,0
9115,0
9116,0
9117,0
9118,0
9119,0
9120,0
9121,0
9122,0
9123,0
9124,0
9125,0
9126,0
9127,1
9128,1
9129,0
9130,0
9131,0
9132,0
9133,0
9134,0
9135,0
9136,0
9137,1
9138,1
9139,0
9140,0
9141,1
9142,1
9143,0
9144,0
9145,0
9146,0
9147,0
9148,0
9149,0
9150,0
9151,0
9152,1
9153,0
9154,0
9155,0
9156,0
9157,0
9158,0
9159,0
9160,0
9161,0
9162,0
9163,0
9164,0
9165,0
9166,0
9167,0
9168,1
9169,1
9170,0
9171,0
9172,0
9173,0
9174,0
9175,0
9176,0
9177,0
9178,0
9179,0
9180,1
9181,1
9182,0
9183,0
9184,0
9185,0
9186,0
9187,0
9188,0
9189,0
9190,0
9191,0
9192,0
9193,0
9194,1
9195,1
9196,0
9197,0
9198,0
9199,0
9200,0
9201,0
9202,0
9203,0
9204,0
9205,0
9206,0
9207,0
9208,0
9209,0
9210,0
9211,1
9212,1
9213,0
9214,0
9215,0
9216,0
9217,0
9218,0
9219,0
9220,0
9221,0
9222,0
9223,0
9224,0
9225,0
9226,0
9227,0
9228,1
9229,1
9230,1
9231,1
9232,1
9233,1
9234,1
9235,1
9236,0
9237,0
9238,0
9239,0
9240,0
9241,1
9242,1
9243,1
9244,0
9245,0
9246,1
9247,0
9248,0
9249,0
9250,0
9251,1
9252,0
9253,0
9254,0
9255,0
9256,0
9257,1
9258,0
9259,0
9260,0
9261,0
9262,0
9263,0
9264,1
9265,1
9266,0
9267,0
9268,0
9269,0
9270,0
9271,0
9272,0
9273,0
9274,0
9275,0
9276,1
9277,1
9278,0
9279,0
9280,0
9281,0
9282,0
9283,0
9284,0
9285,0
9286,0
9287,0
9288,0
9289,0
9290,0
9291,0
9292,1
9293,0
9294,0
9295,0
9296,0
9297,0
9298,0
9299,0
9300,0
9301,0
9302,0
9303,0
9304,0
9305,0
9306,0
9307,0
9308,0
9309,0
9310,0
9311,0
9312,0
9313,0
9314,1
9315,1
9316,0
9317,0
9318,0
9319,0
9320,0
9321,0
9322,0
9323,0
9324,0
9325,0
9326,0
9327,0
9328,0
9329,0
9330,1
9331,1
9332,1
9333,0
9334,1
9335,1
9336,1
9337,0
9338,0
9339,0
9340,0
9341,0
9342,0
9343,1
9344,1
9345,0
9346,0
9347,1
9348,0
9349,0
9350,0
9351,0
9352,0
9353,0
9354,1
9355,0
9356,0
9357,0
9358,0
9359,0
9360,0
9361,0
9362,0
9363,1
9364,0
9365,0
9366,0
9367,0
9368,0
9369,0
9370,0
9371,0
9372,0
9373,0
9374,0
9375,0
9376,0
9377,0
9378,0
9379,0
9380,0
9381,0
9382,0
9383,0
9384,0
9385,0
9386,0
9387,0
9388,0
9389,0
9390,0
9391,0
9392,0
9393,1
9394,1
9395,1
9396,1
9397,1
9398,1
9399,0
9400,0
9401,0
9402,0
9403,0
9404,0
9405,0
9406,0
9407,0
9408,0
9409,0
9410,0
9411,0
9412,0
9413,0
9414,0
9415,0
9416,0
9417,0
9418,0
9419,0
9420,0
9421,0
9422,0
9423,0
9424,0
9425,0
9426,0
9427,0
9428,0
9429,0
9430,0
9431,0
9432,1
9433,1
9434,1
9435,1
9436,1
9437,1
9438,0
9439,0
9440,0
9441,0
9442,0
9443,1
9444,0
9445,0
9446,0
9447,1
9448,1
9449,0
9450,0
9451,0
9452,0
9453,0
9454,0
9455,0
9456,0
9457,0
9458,0
9459,0
9460,0
9461,0
9462,0
9463,0
9464,0
9465,0
9466,0
9467,0
9468,0
9469,0
9470,0
9471,0
9472,0
9473,0
9474,0
9475,0
9476,0
9477,0
9478,1
9479,1
9480,1
9481,1
9482,1
9483,1
9484,0
9485,0
9486,0
9487,0
9488,0
9489,0
9490,0
9491,0
9492,0
9493,0
9494,0
9495,0
9496,0
9497,0
9498,0
9499,0
9500,0
9501,0
9502,0
9503,0
9504,0
9505,0
9506,0
9507,0
9508,0
9509,0
9510,0
9511,0
9512,0
9513,0
9514,0
9515,0
9516,1
9517,1
9518,0
9519,0
9520,0
9521,0
9522,0
9523,0
9524,0
9525,0
9526,1
9527,0
9528,0
9529,0
9530,0
9531,0
9532,0
9533,0
9534,1
9535,0
9536,0
9537,0
9538,0
9539,0
9540,0
9541,0
9542,0
9543,1
9544,0
9545,0
9546,0
9547,0
9548,0
9549,0
9550,0
9551,0
9552,1
9553,0
9554,0
9555,0
9556,0
9557,0
9558,0
9559,0
9560,0
9561,1
9562,1
9563,0
9564,0
9565,0
9566,0
9567,0
9568,0
9569,0
9570,0
9571,0
9572,0
9573,0
9574,0
9575,0
9576,0
9577,0
9578,0
9579,0
9580,0
9581,0
9582,0
9583,0
9584,0
9585,0
9586,0
9587,0
9588,0
9589,0
9590,0
9591,0
9592,0
9593,0
9594,0
9595,0
9596,0
9597,0
9598,0
9599,0
9600,0
9601,0
9602,0
9603,0
9604,0
9605,0
9606,0
9607,0
9608,0
9609,1
9610,1
9611,1
9612,0
9613,0
9614,1
9615,1
9616,0
9617,0
9618,0
9619,0
9620,0
9621,0
9622,0
9623,0
9624,0
9625,0
9626,1
9627,1
9628,1
9629,1
9630,0
9631,0
9632,1
9633,1
9634,0
9635,0
9636,0
9637,0
9638,0
9639,0
9640,0
9641,0
9642,0
9643,0
9644,0
9645,0
9646,0
9647,0
9648,0
9649,0
9650,0
9651,0
9652,0
9653,0
9654,0
9655,0
9656,0
9657,0
9658,0
9659,0
9660,0
9661,0
9662,0
9663,1
9664,0
9665,1
9666,1
9667,0
9668,0
9669,0
9670,0
9671,0
9672,0
9673,0
9674,0
9675,1
9676,1
9677,0
9678,0
9679,0
9680,1
9681,0
9682,0
9683,0
9684,0
9685,0
9686,0
9687,0
9688,0
9689,0
9690,0
9691,0
9692,1
9693,0
9694,1
9695,1
9696,0
9697,0
9698,0
9699,0
9700,0
9701,0
9702,0
9703,0
9704,0
9705,0
9706,0
9707,0
9708,0
9709,0
9710,0
9711,0
9712,0
9713,0
9714,0
9715,0
9716,0
9717,0
9718,0
9719,0
9720,0
9721,0
9722,0
9723,0
9724,1
9725,0
9726,0
9727,1
9728,1
9729,0
9730,1
9731,0
9732,0
9733,0
9734,0
9735,0
9736,1
9737,1
9738,0
9739,1
9740,0
9741,0
9742,0
9743,0
9744,0
9745,0
9746,0
9747,0
9748,0
9749,0
9750,0
9751,0
9752,0
9753,0
9754,0
9755,0
9756,0
9757,0
9758,0
9759,0
9760,0
9761,0
9762,0
9763,0
9764,0
9765,0
9766,0
9767,0
9768,0
9769,0
9770,0
9771,0
9772,0
9773,0
9774,0
9775,0
9776,0
9777,0
9778,0
9779,1
9780,0
9781,1
9782,1
9783,1
9784,0
9785,0
9786,0
9787,0
9788,0
9789,1
9790,0
9791,0
9792,0
9793,0
9794,0
9795,1
9796,0
9797,1
9798,1
9799,0
9800,0
9801,0
9802,0
9803,0
9804,0
9805,0
9806,0
9807,0
9808,0
9809,0
9810,0
9811,0
9812,0
9813,0
9814,0
9815,1
9816,1
9817,0
9818,0
9819,0
9820,0
9821,0
9822,0
9823,0
9824,0
9825,0
9826,0
9827,0
9828,0
9829,0
9830,0
9831,0
9832,0
9833,1
9834,0
9835,1
9836,1
9837,1
9838,0
9839,0
9840,0
9841,0
9842,1
9843,0
9844,0
9845,0
9846,0
9847,1
9848,1
9849,1
9850,1
9851,1
9852,0
9853,0
9854,0
9855,0
9856,0
9857,0
9858,0
9859,0
9860,0
9861,0
9862,0
9863,0
9864,0
9865,0
9866,0
9867,0
9868,0
9869,0
9870,0
9871,0
9872,0
9873,0
9874,0
9875,0
9876,0
9877,0
9878,0
9879,0
9880,0
9881,0
9882,0
9883,0
9884,0
9885,0
9886,0
9887,0
9888,0
9889,1
9890,1
9891,1
9892,1
9893,1
9894,0
9895,0
9896,0
9897,1
9898,1
9899,1
9900,1
9901,0
9902,1
9903,0
9904,0
9905,0
9906,0
9907,0
9908,0
9909,0
9910,0
9911,0
9912,0
9913,0
9914,0
9915,0
9916,0
9917,0
9918,0
9919,0
9920,0
9921,0
9922,0
9923,0
9924,0
9925,0
9926,0
9927,0
9928,0
9929,0
9930,0
9931,0
9932,0
9933,0
9934,0
9935,0
9936,0
9937,0
9938,0
9939,0
9940,0
9941,0
9942,0
9943,1
9944,1
9945,1
9946,1
9947,1
9948,0
9949,0
9950,0
9951,1
9952,0
9953,0
9954,1
9955,1
9956,0
9957,0
9958,0
9959,0
9960,0
9961,0
9962,0
9963,0
9964,0
9965,0
9966,0
9967,0
9968,0
9969,0
9970,0
9971,0
9972,0
9973,0
9974,0
9975,0
9976,0
9977,0
9978,0
9979,0
9980,0
9981,0
9982,0
9983,0
9984,0
9985,0
9986,0
9987,0
9988,0
9989,0
9990,0
9991,0
9992,0
9993,0
9994,0
9995,0
9996,0
9997,0
9998,0
9999,0
10000,0
10001,1
10002,1
10003,1
10004,1
10005,1
10006,0
10007,0
10008,0
10009,0
10010,0
10011,0
10012,0
10013,1
10014,0
10015,0
10016,0
10017,1
10018,1
10019,0
10020,0
10021,1
10022,1
10023,0
10024,0
10025,0
10026,0
10027,1
10028,1
10029,0
10030,1
10031,1
10032,1
10033,0
10034,0
10035,0
10036,1
10037,0
10038,0
10039,1
10040,0
10041,0
10042,0
10043,0
10044,0
10045,0
10046,0
10047,0
10048,0
10049,0
10050,0
10051,0
10052,0
10053,0
10054,0
10055,0
10056,0
10057,0
10058,0
10059,0
10060,0
10061,0
10062,0
10063,0
10064,1
10065,0
10066,0
10067,0
10068,0
10069,0
10070,0
10071,1
10072,0
10073,1
10074,1
10075,0
10076,0
10077,0
10078,1
10079,0
10080,0
10081,1
10082,0
10083,0
10084,0
10085,1
10086,1
10087,1
10088,1
10089,1
10090,1
10091,1
10092,1
10093,0
10094,0
10095,0
10096,0
10097,0
10098,0
10099,1
10100,0
10101,0
10102,1
10103,0
10104,0
10105,0
10106,0
10107,0
10108,0
10109,0
10110,0
10111,0
10112,0
10113,0
10114,0
10115,0
10116,0
10117,0
10118,0
10119,0
10120,0
10121,0
10122,0
10123,0
10124,0
10125,0
10126,0
10127,0
10128,0
10129,0
10130,0
10131,0
10132,1
10133,0
10134,0
10135,0
10136,0
10137,0
10138,0
10139,1
10140,1
10141,1
10142,1
10143,0
10144,0
10145,0
10146,0
10147,0
10148,0
10149,1
10150,0
10151,1
10152,1
10153,0
10154,0
10155,0
10156,0
10157,0
10158,0
10159,1
10160,1
10161,0
10162,0
10163,0
10164,0
10165,1
10166,1
10167,1
10168,0
10169,0
10170,0
10171,0
10172,0
10173,0
10174,0
10175,0
10176,0
10177,0
10178,0
10179,0
10180,0
10181,0
10182,0
10183,0
10184,0
10185,0
10186,0
10187,0
10188,0
10189,0
10190,0
10191,0
10192,0
10193,0
10194,0
10195,1
10196,0
10197,0
10198,0
10199,0
10200,0
10201,0
10202,0
10203,0
10204,0
10205,0
10206,0
10207,0
10208,1
10209,0
10210,0
10211,0
10212,1
10213,1
10214,0
10215,1
10216,0
10217,0
10218,0
10219,0
10220,1
10221,0
10222,0
10223,0
10224,0
10225,0
10226,0
10227,0
10228,1
10229,1
10230,1
10231,0
10232,0
10233,0
10234,0
10235,0
10236,0
10237,0
10238,0
10239,0
10240,0
10241,0
10242,0
10243,0
10244,0
10245,0
10246,0
10247,0
10248,0
10249,0
10250,0
10251,0
10252,0
10253,0
10254,0
10255,0
10256,0
10257,0
10258,0
10259,0
10260,0
10261,0
10262,0
10263,0
10264,0
10265,0
10266,0
10267,0
10268,1
10269,1
10270,0
10271,0
10272,1
10273,1
10274,0
10275,0
10276,0
10277,0
10278,1
10279,0
10280,0
10281,0
10282,0
10283,0
10284,0
10285,0
10286,0
10287,1
10288,1
10289,0
10290,0
10291,0
10292,0
10293,0
10294,0
10295,0
10296,0
10297,1
10298,1
10299,0
10300,0
10301,0
10302,0
10303,0
10304,0
10305,0
10306,0
10307,0
10308,0
10309,0
10310,0
10311,0
10312,0
10313,0
10314,0
10315,0
10316,0
10317,0
10318,0
10319,0
10320,0
10321,0
10322,0
10323,0
10324,0
10325,0
10326,0
10327,1
10328,0
10329,0
10330,0
10331,1
10332,1
10333,0
10334,0
10335,0
10336,1
10337,1
10338,0
10339,0
10340,1
10341,1
10342,1
10343,1
10344,0
10345,0
10346,1
10347,0
10348,0
10349,0
10350,0
10351,0
10352,0
10353,1
10354,0
10355,0
10356,0
10357,0
10358,0
10359,0
10360,1
10361,1
10362,0
10363,0
10364,0
10365,0
10366,1
10367,1
10368,0
10369,0
10370,0
10371,0
10372,0
10373,0
10374,0
10375,0
10376,0
10377,0
10378,0
10379,0
10380,0
10381,0
10382,0
10383,0
10384,0
10385,0
10386,0
10387,0
10388,0
10389,0
10390,0
10391,1
10392,0
10393,0
10394,0
10395,1
10396,1
10397,1
10398,0
10399,0
10400,0
10401,0
10402,0
10403,0
10404,0
10405,1
10406,0
10407,0
10408,0
10409,0
10410,0
10411,0
10412,0
10413,0
10414,0
10415,0
10416,0
10417,0
10418,0
10419,0
10420,0
10421,0
10422,0
10423,0
10424,0
10425,0
10426,0
10427,0
10428,0
10429,0
10430,0
10431,0
10432,0
10433,0
10434,0
10435,0
10436,0
10437,1
10438,1
10439,1
10440,1
10441,0
10442,0
10443,1
10444,0
10445,0
10446,0
10447,0
10448,0
10449,0
10450,0
10451,0
10452,0
10453,0
10454,1
10455,1
10456,0
10457,0
10458,0
10459,0
10460,0
10461,0
10462,0
10463,0
10464,0
10465,0
10466,1
10467,0
10468,0
10469,0
10470,0
10471,0
10472,0
10473,0
10474,0
10475,0
10476,0
10477,0
10478,0
10479,0
10480,0
10481,0
10482,0
10483,0
10484,0
10485,0
10486,0
10487,0
10488,0
10489,1
10490,1
10491,1
10492,0
10493,0
10494,1
10495,0
10496,0
10497,0
10498,0
10499,0
10500,0
10501,0
10502,0
10503,1
10504,1
10505,1
10506,0
10507,0
10508,0
10509,0
10510,0
10511,0
10512,0
10513,0
10514,0
10515,0
10516,0
10517,0
10518,0
10519,0
10520,0
10521,0
10522,0
10523,0
10524,0
10525,0
10526,0
10527,0
10528,0
10529,0
10530,0
10531,0
10532,1
10533,1
10534,1
10535,0
10536,0
10537,0
10538,0
10539,0
10540,0
10541,1
10542,1
10543,0
10544,1
10545,0
10546,0
10547,0
10548,0
10549,0
10550,0
10551,0
10552,0
10553,0
10554,0
10555,0
10556,0
10557,0
10558,0
10559,0
10560,0
10561,0
10562,0
10563,0
10564,0
10565,0
10566,0
10567,0
10568,0
10569,0
10570,0
10571,0
10572,0
10573,0
10574,0
10575,0
10576,1
10577,1
10578,1
10579,1
10580,1
10581,0
10582,1
10583,1
10584,0
10585,0
10586,1
10587,1
10588,0
10589,0
10590,0
10591,0
10592,0
10593,0
10594,0
10595,0
10596,0
10597,0
10598,1
10599,0
10600,0
10601,1
10602,1
10603,0
10604,0
10605,0
10606,0
10607,0
10608,0
10609,1
10610,1
10611,1
10612,1
10613,1
10614,1
10615,1
10616,1
10617,1
10618,0
10619,0
10620,0
10621,0
10622,1
10623,0
10624,0
10625,0
10626,1
10627,1
10628,0
10629,1
10630,0
10631,0
10632,0
10633,0
10634,0
10635,0
10636,0
10637,0
10638,0
10639,0
10640,0
10641,1
10642,0
10643,0
10644,0
10645,0
10646,0
10647,0
10648,0
10649,0
10650,0
10651,0
10652,0
10653,1
10654,1
10655,1
10656,1
10657,1
10658,1
10659,1
10660,1
10661,1
10662,1
10663,0
10664,0
10665,1
10666,1
10667,1
10668,1
10669,1
10670,1
10671,0
10672,0
10673,0
10674,0
10675,0
10676,0
10677,1
10678,0
10679,0
10680,0
10681,0
10682,0
10683,0
10684,0
10685,0
10686,0
10687,1
10688,0
10689,0
10690,0
10691,0
10692,0
10693,0
10694,0
10695,1
10696,1
10697,1
10698,1
10699,1
10700,1
10701,1
10702,1
10703,1
10704,1
10705,1
10706,1
10707,1
10708,1
10709,1
10710,1
10711,0
10712,0
10713,0
10714,1
10715,0
10716,0
10717,0
10718,0
10719,0
10720,1
10721,1
10722,1
10723,1
10724,0
10725,0
10726,0
10727,1
10728,1
10729,0
10730,0
10731,0
10732,0
10733,0
10734,0
10735,0
10736,0
10737,0
10738,0
10739,0
10740,0
10741,0
10742,0
10743,0
10744,1
10745,1
10746,1
10747,1
10748,1
10749,1
10750,1
10751,1
10752,1
10753,1
10754,1
10755,1
10756,1
10757,1
10758,1
10759,1
10760,0
10761,0
10762,1
10763,0
10764,0
10765,0
10766,0
10767,0
10768,1
10769,1
10770,1
10771,1
10772,0
10773,0
10774,0
10775,0
10776,0
10777,0
10778,0
10779,1
10780,0
10781,1
10782,1
10783,1
10784,0
10785,0
10786,0
10787,0
10788,0
10789,0
10790,0
10791,0
10792,1
10793,1
10794,1
10795,1
10796,1
10797,0
10798,1
10799,0
10800,0
10801,0
10802,1
10803,0
10804,0
10805,0
10806,1
10807,0
10808,0
10809,0
10810,0
10811,0
10812,0
10813,0
10814,0
10815,0
10816,0
10817,0
10818,1
10819,0
10820,0
10821,1
10822,1
10823,1
10824,0
10825,0
10826,0
10827,0
10828,0
10829,0
10830,0
10831,1
10832,1
10833,1
10834,1
10835,0
10836,1
10837,0
10838,0
10839,0
10840,0
10841,0
10842,0
10843,1
10844,0
10845,0
10846,0
10847,0
10848,0
10849,0
10850,0
10851,0
10852,0
10853,0
10854,0
10855,1
10856,0
10857,0
10858,0
10859,1
10860,0
10861,0
10862,0
10863,0
10864,0
10865,0
10866,0
10867,0
10868,0
10869,1
10870,1
10871,1
10872,1
10873,0
10874,0
10875,0
10876,0
10877,0
10878,0
10879,0
10880,0
10881,0
10882,1
10883,0
10884,0
10885,0
10886,0
10887,0
10888,0
10889,1
10890,0
10891,1
10892,0
10893,0
10894,0
10895,0
10896,0
10897,1
10898,0
10899,0
10900,0
10901,0
10902,0
10903,0
10904,0
10905,0
10906,1
10907,1
10908,1
10909,1
10910,0
10911,0
10912,0
10913,0
10914,0
10915,0
10916,0
10917,0
10918,0
10919,1
10920,1
10921,0
10922,0
10923,0
10924,1
10925,1
10926,0
10927,0
10928,0
10929,0
10930,0
10931,0
10932,0
10933,0
10934,0
10935,0
10936,1
10937,0
10938,1
10939,0
10940,1
10941,1
10942,1
10943,1
10944,1
10945,0
10946,0
10947,0
10948,1
10949,0
10950,0
10951,1
10952,0
10953,0
10954,1
10955,0
10956,0
10957,0
10958,0
10959,0
10960,0
10961,0
10962,0
10963,0
10964,0
10965,0
10966,0
10967,0
10968,0
10969,0
10970,0
10971,1
10972,1
10973,1
10974,0
10975,0
10976,0
10977,1
10978,0
10979,0
10980,0
10981,1
10982,0
10983,0
10984,1
10985,1
10986,0
10987,0
10988,0
10989,0
10990,0
10991,0
10992,0
10993,1
10994,0
10995,0
10996,0
10997,0
10998,0
10999,0
11000,0
11001,0
11002,0
11003,0
11004,0
11005,1
11006,1
11007,1
11008,0
11009,0
11010,1
11011,1
11012,1
11013,0
11014,1
11015,1
11016,1
11017,0
11018,0
11019,0
11020,0
11021,1
11022,1
11023,1
11024,0
11025,0
11026,0
11027,1
11028,0
11029,0
11030,0
11031,0
11032,0
11033,1
11034,0
11035,0
11036,0
11037,0
11038,0
11039,1
11040,1
11041,1
11042,0
11043,0
11044,0
11045,1
11046,1
11047,0
11048,0
11049,0
11050,0
11051,1
11052,1
11053,0
11054,1
11055,0
11056,1
11057,0
11058,1
11059,1
11060,1
11061,1
11062,0
11063,0
11064,0
11065,0
11066,1
11067,1
11068,0
11069,0
11070,1
11071,0
11072,0
11073,0
11074,0
11075,0
11076,0
11077,0
11078,0
11079,1
11080,0
11081,0
11082,0
11083,0
11084,0
11085,0
11086,0
11087,0
11088,0
11089,0
11090,0
11091,0
11092,0
11093,0
11094,0
11095,0
11096,0
11097,0
11098,0
11099,1
11100,0
11101,0
11102,0
11103,0
11104,0
11105,0
11106,0
11107,0
11108,0
11109,0
11110,0
11111,0
11112,0
11113,0
11114,0
11115,0
11116,0
11117,0
11118,1
11119,0
11120,0
11121,1
11122,0
11123,0
11124,0
11125,0
11126,0
11127,0
11128,0
11129,0
11130,0
11131,0
11132,0
11133,0
11134,0
11135,0
11136,0
11137,0
11138,0
11139,0
11140,1
11141,0
11142,0
11143,0
11144,0
11145,0
11146,1
11147,0
11148,0
11149,0
11150,0
11151,0
11152,1
11153,0
11154,0
11155,1
11156,1
11157,0
11158,0
11159,0
11160,0
11161,0
11162,0
11163,1
11164,0
11165,0
11166,0
11167,0
11168,0
11169,0
11170,0
11171,0
11172,0
11173,0
11174,0
11175,0
11176,0
11177,0
11178,0
11179,0
11180,0
11181,1
11182,0
11183,0
11184,1
11185,0
11186,0
11187,0
11188,1
11189,0
11190,0
11191,0
11192,0
11193,0
11194,0
11195,0
11196,0
11197,0
11198,0
11199,0
11200,0
11201,0
11202,0
11203,0
11204,0
11205,0
11206,0
11207,0
11208,0
11209,1
11210,0
11211,0
11212,0
11213,0
11214,0
11215,0
11216,1
11217,0
11218,0
11219,0
11220,1
11221,1
11222,1
11223,1
11224,0
11225,1
11226,0
11227,0
11228,0
11229,0
11230,0
11231,0
11232,0
11233,0
11234,0
11235,0
11236,0
11237,0
11238,0
11239,0
11240,0
11241,0
11242,0
11243,0
11244,1
11245,0
11246,0
11247,0
11248,1
11249,0
11250,0
11251,0
11252,1
11253,0
11254,0
11255,0
11256,0
11257,0
11258,1
11259,1
11260,1
11261,1
11262,0
11263,0
11264,0
11265,0
11266,0
11267,0
11268,0
11269,0
11270,0
11271,0
11272,0
11273,0
11274,0
11275,0
11276,0
11277,0
11278,0
11279,0
11280,0
11281,0
11282,0
11283,0
11284,0
11285,1
11286,0
11287,0
11288,0
11289,0
11290,0
11291,0
11292,0
11293,0
11294,0
11295,0
11296,1
11297,1
11298,0
11299,0
11300,0
11301,0
11302,0
11303,0
11304,0
11305,0
11306,0
11307,0
11308,0
11309,0
11310,0
11311,0
11312,0
11313,0
11314,0
11315,0
11316,0
11317,0
11318,0
11319,0
11320,0
11321,1
11322,0
11323,0
11324,1
11325,0
11326,0
11327,0
11328,1
11329,0
11330,0
11331,0
11332,0
11333,0
11334,0
11335,0
11336,0
11337,0
11338,0
11339,0
11340,0
11341,0
11342,0
11343,0
11344,0
11345,0
11346,0
11347,0
11348,0
11349,0
11350,0
11351,0
11352,0
11353,0
11354,0
11355,0
11356,0
11357,1
11358,0
11359,0
11360,0
11361,0
11362,0
11363,1
11364,0
11365,0
11366,0
11367,0
11368,0
11369,0
11370,0
11371,0
11372,0
11373,0
11374,0
11375,0
11376,0
11377,0
11378,0
11379,0
11380,0
11381,0
11382,0
11383,0
11384,0
11385,0
11386,0
11387,0
11388,0
11389,0
11390,0
11391,0
11392,1
11393,0
11394,1
11395,0
11396,0
11397,0
11398,0
11399,0
11400,0
11401,0
11402,0
11403,0
11404,0
11405,0
11406,0
11407,0
11408,0
11409,0
11410,0
11411,0
11412,0
11413,0
11414,0
11415,0
11416,0
11417,0
11418,0
11419,0
11420,0
11421,0
11422,0
11423,0
11424,0
11425,0
11426,0
11427,0
11428,1
11429,0
11430,0
11431,0
11432,0
11433,0
11434,0
11435,0
11436,0
11437,0
11438,0
11439,0
11440,0
11441,0
11442,1
11443,0
11444,0
11445,0
11446,0
11447,0
11448,1
11449,1
11450,1
11451,1
11452,0
11453,0
11454,1
11455,0
11456,0
11457,0
11458,0
11459,0
11460,1
11461,1
11462,0
11463,1
11464,0
11465,0
11466,0
11467,0
11468,0
11469,0
11470,0
11471,1
11472,1
11473,1
11474,1
11475,0
11476,0
11477,0
11478,0
11479,0
11480,0
11481,0
11482,1
11483,1
11484,0
11485,0
11486,1
11487,0
11488,1
11489,1
11490,1
11491,0
11492,0
11493,0
11494,0
11495,1
11496,1
11497,1
11498,1
11499,0
11500,0
11501,0
11502,0
11503,0
11504,0
11505,0
11506,1
11507,1
11508,1
11509,0
11510,0
11511,0
11512,0
11513,0
11514,0
11515,1
11516,0
11517,1
11518,1
11519,0
11520,0
11521,0
11522,0
11523,1
11524,1
11525,1
11526,0
11527,0
11528,0
11529,0
11530,0
11531,0
11532,1
11533,1
11534,0
11535,0
11536,1
11537,1
11538,0
11539,0
11540,0
11541,0
11542,1
11543,0
11544,0
11545,0
11546,0
11547,1
11548,0
11549,0
11550,0
11551,0
11552,1
11553,0
11554,0
11555,1
11556,1
11557,1
11558,0
11559,0
11560,0
11561,1
11562,1
11563,0
11564,0
11565,0
11566,0
11567,0
11568,0
11569,1
11570,1
11571,0
11572,0
11573,0
11574,0
11575,0
11576,0
11577,0
11578,0
11579,0
11580,0
11581,1
11582,1
11583,1
11584,0
11585,0
11586,0
11587,0
11588,1
11589,1
11590,0
11591,0
11592,1
11593,0
11594,0
11595,0
11596,0
11597,0
11598,1
11599,1
11600,1
11601,0
11602,0
11603,1
11604,1
11605,0
11606,1
11607,1
11608,0
11609,1
11610,1
11611,0
11612,1
11613,0
11614,0
11615,0
11616,0
11617,0
11618,1
11619,0
11620,0
11621,0
11622,1
11623,0
11624,0
11625,0
11626,1
11627,1
11628,0
11629,1
11630,1
11631,0
11632,0
11633,0
11634,0
11635,0
11636,0
11637,0
11638,0
11639,0
11640,0
11641,0
11642,1
11643,0
11644,1
11645,1
11646,1
11647,0
11648,0
11649,0
11650,0
11651,0
11652,0
11653,0
11654,1
11655,0
11656,0
11657,0
11658,1
11659,1
11660,1
11661,0
11662,0
11663,0
11664,0
11665,0
11666,0
11667,0
11668,1
11669,1
11670,1
11671,1
11672,1
11673,0
11674,0
11675,0
11676,0
11677,0
11678,0
11679,1
11680,1
11681,0
11682,1
11683,1
11684,1
11685,0
11686,0
11687,0
11688,0
11689,0
11690,0
11691,1
11692,1
11693,1
11694,1
11695,1
11696,1
11697,1
11698,1
11699,1
11700,1
11701,0
11702,0
11703,1
11704,0
11705,0
11706,0
11707,0
11708,0
11709,0
11710,1
11711,0
11712,0
11713,0
11714,1
11715,1
11716,1
11717,1
11718,1
11719,1
11720,0
11721,0
11722,1
11723,0
11724,0
11725,0
11726,0
11727,0
11728,0
11729,0
11730,0
11731,1
11732,1
11733,1
11734,0
11735,0
11736,1
11737,1
11738,1
11739,1
11740,1
11741,0
11742,0
11743,0
11744,0
11745,0
11746,0
11747,0
11748,0
11749,0
11750,0
11751,0
11752,0
11753,0
11754,0
11755,1
11756,1
11757,0
11758,0
11759,1
11760,1
11761,0
11762,1
11763,1
11764,0
11765,0
11766,0
11767,0
11768,1
11769,0
11770,0
11771,0
11772,0
11773,1
11774,0
11775,0
11776,0
11777,0
11778,0
11779,1
11780,1
11781,0
11782,1
11783,1
11784,1
11785,0
11786,0
11787,1
11788,1
11789,0
11790,0
11791,0
11792,0
11793,0
11794,0
11795,0
11796,0
11797,1
11798,1
11799,1
11800,0
11801,1
11802,1
11803,0
11804,0
11805,1
11806,0
11807,0
11808,1
11809,1
11810,0
11811,0
11812,1
11813,1
11814,0
11815,0
11816,1
11817,0
11818,0
11819,1
11820,0
11821,0
11822,0
11823,0
11824,1
11825,1
11826,1
11827,0
11828,0
11829,0
11830,1
11831,0
11832,0
11833,1
11834,0
11835,0
11836,0
11837,0
11838,1
11839,1
11840,0
11841,0
11842,0
11843,0
11844,0
11845,1
11846,0
11847,0
11848,0
11849,0
11850,0
11851,0
11852,0
11853,1
11854,1
11855,0
11856,0
11857,0
11858,0
11859,1
11860,0
11861,0
11862,0
11863,0
11864,0
11865,0
11866,1
11867,1
11868,1
11869,1
11870,0
11871,0
11872,1
11873,0
11874,0
11875,1
11876,0
11877,0
11878,0
11879,0
11880,0
11881,1
11882,1
11883,1
11884,1
11885,1
11886,0
11887,0
11888,0
11889,0
11890,0
11891,0
11892,0
11893,1
11894,1
11895,1
11896,1
11897,1
11898,1
11899,1
11900,0
11901,0
11902,0
11903,0
11904,0
11905,1
11906,1
11907,0
11908,1
11909,1
11910,1
11911,0
11912,1
11913,0
11914,0
11915,0
11916,1
11917,0
11918,0
11919,0
11920,0
11921,1
11922,0
11923,0
11924,1
11925,1
11926,0
11927,0
11928,0
11929,0
11930,0
11931,0
11932,0
11933,0
11934,0
11935,1
11936,0
11937,0
11938,1
11939,0
11940,0
11941,0
11942,0
11943,0
11944,0
11945,1
11946,0
11947,0
11948,0
11949,0
11950,1
11951,0
11952,0
11953,0
11954,0
11955,1
11956,1
11957,0
11958,1
11959,1
11960,1
11961,0
11962,1
11963,0
11964,0
11965,0
11966,0
11967,0
11968,0
11969,0
11970,1
11971,0
11972,1
11973,1
11974,0
11975,0
11976,0
11977,1
11978,1
11979,0
11980,0
11981,0
11982,0
11983,0
11984,0
11985,1
11986,0
11987,0
11988,0
11989,0
11990,1
11991,1
11992,1
11993,0
11994,0
11995,0
11996,1
11997,1
11998,0
11999,0
12000,1
12001,0
12002,1
12003,0
12004,0
12005,1
12006,1
12007,0
12008,0
12009,0
12010,0
12011,0
12012,1
12013,0
12014,0
12015,0
12016,0
12017,0
12018,1
12019,0
12020,0
12021,0
12022,1
12023,0
12024,0
12025,0
12026,0
12027,0
12028,1
12029,0
12030,1
12031,0
12032,0
12033,1
12034,1
12035,0
12036,0
12037,0
12038,1
12039,1
12040,0
12041,0
12042,0
12043,1
12044,0
12045,0
12046,0
12047,0
12048,0
12049,0
12050,1
12051,0
12052,1
12053,0
12054,0
12055,1
12056,1
12057,1
12058,1
12059,1
12060,0
12061,0
12062,0
12063,0
12064,0
12065,1
12066,0
12067,0
12068,0
12069,0
12070,0
12071,0
12072,1
12073,1
12074,1
12075,0
12076,0
12077,1
12078,0
12079,0
12080,1
12081,1
12082,1
12083,1
12084,1
12085,1
12086,0
12087,0
12088,0
12089,1
12090,1
12091,0
12092,0
12093,0
12094,0
12095,0
12096,0
12097,0
12098,0
12099,1
12100,1
12101,0
12102,0
12103,0
12104,0
12105,1
12106,0
12107,0
12108,0
12109,0
12110,0
12111,0
12112,0
12113,0
12114,1
12115,1
12116,0
12117,0
12118,0
12119,0
12120,0
12121,0
12122,0
12123,0
12124,0
12125,0
12126,0
12127,0
12128,0
12129,0
12130,0
12131,0
12132,0
12133,0
12134,0
12135,0
12136,0
12137,0
12138,0
12139,0
12140,0
12141,0
12142,0
12143,0
12144,0
12145,0
12146,0
12147,0
12148,0
12149,0
12150,0
12151,0
12152,0
12153,0
12154,0
12155,0
