"planning_unit","number"
12155,0
12154,0
12153,0
12152,0
12151,0
12150,0
12149,0
12148,0
12147,0
12146,0
12145,0
12144,0
12143,0
12142,0
12141,0
12140,0
12139,0
12138,0
12137,0
12136,0
12135,0
12134,0
12133,0
12132,0
12131,0
12130,0
12129,0
12128,0
12127,0
12126,0
12125,0
12124,0
12123,0
12122,0
12121,4
12120,0
12119,0
12118,0
12117,0
12116,0
12115,10
12114,7
12113,0
12112,0
12111,0
12110,0
12109,0
12108,0
12107,0
12106,0
12105,8
12104,0
12103,0
12102,0
12101,0
12100,6
12099,10
12098,2
12097,0
12096,0
12095,0
12094,0
12093,0
12092,0
12091,0
12090,10
12089,9
12088,0
12087,0
12086,0
12085,9
12084,10
12083,10
12082,10
12081,10
12080,10
12079,0
12078,0
12077,10
12076,0
12075,0
12074,5
12073,3
12072,1
12071,0
12070,0
12069,0
12068,0
12067,0
12066,0
12065,10
12064,6
12063,0
12062,0
12061,0
12060,0
12059,7
12058,10
12057,10
12056,10
12055,9
12054,0
12053,0
12052,10
12051,0
12050,3
12049,7
12048,0
12047,0
12046,0
12045,0
12044,0
12043,9
12042,7
12041,0
12040,0
12039,7
12038,10
12037,0
12036,0
12035,0
12034,10
12033,10
12032,0
12031,0
12030,10
12029,0
12028,7
12027,0
12026,0
12025,0
12024,5
12023,0
12022,7
12021,7
12020,0
12019,0
12018,8
12017,0
12016,0
12015,0
12014,0
12013,0
12012,10
12011,2
12010,0
12009,0
12008,0
12007,0
12006,8
12005,6
12004,0
12003,0
12002,8
12001,7
12000,9
11999,0
11998,4
11997,10
11996,6
11995,0
11994,0
11993,0
11992,6
11991,9
11990,10
11989,0
11988,0
11987,0
11986,1
11985,10
11984,2
11983,4
11982,0
11981,0
11980,0
11979,0
11978,4
11977,8
11976,0
11975,0
11974,0
11973,10
11972,10
11971,0
11970,9
11969,0
11968,0
11967,0
11966,0
11965,0
11964,0
11963,0
11962,10
11961,0
11960,10
11959,10
11958,10
11957,6
11956,1
11955,8
11954,0
11953,8
11952,0
11951,0
11950,5
11949,0
11948,1
11947,0
11946,0
11945,8
11944,2
11943,0
11942,0
11941,0
11940,0
11939,0
11938,7
11937,0
11936,0
11935,9
11934,0
11933,0
11932,0
11931,0
11930,0
11929,0
11928,0
11927,0
11926,0
11925,1
11924,9
11923,0
11922,0
11921,10
11920,0
11919,0
11918,0
11917,0
11916,5
11915,0
11914,0
11913,0
11912,10
11911,0
11910,10
11909,10
11908,10
11907,0
11906,10
11905,10
11904,0
11903,0
11902,0
11901,0
11900,0
11899,9
11898,10
11897,10
11896,10
11895,10
11894,10
11893,9
11892,0
11891,0
11890,0
11889,0
11888,0
11887,0
11886,0
11885,10
11884,10
11883,10
11882,10
11881,10
11880,0
11879,0
11878,0
11877,0
11876,0
11875,9
11874,0
11873,0
11872,10
11871,0
11870,0
11869,10
11868,10
11867,10
11866,6
11865,0
11864,0
11863,0
11862,0
11861,0
11860,0
11859,6
11858,0
11857,0
11856,0
11855,2
11854,10
11853,10
11852,0
11851,0
11850,6
11849,0
11848,0
11847,0
11846,0
11845,9
11844,0
11843,0
11842,0
11841,0
11840,0
11839,10
11838,10
11837,0
11836,0
11835,1
11834,0
11833,8
11832,0
11831,0
11830,8
11829,0
11828,0
11827,0
11826,2
11825,10
11824,10
11823,0
11822,0
11821,0
11820,0
11819,10
11818,0
11817,0
11816,10
11815,0
11814,0
11813,10
11812,9
11811,0
11810,0
11809,10
11808,10
11807,0
11806,0
11805,10
11804,0
11803,0
11802,10
11801,10
11800,0
11799,10
11798,10
11797,10
11796,0
11795,9
11794,0
11793,6
11792,0
11791,0
11790,0
11789,0
11788,10
11787,10
11786,0
11785,0
11784,10
11783,10
11782,8
11781,0
11780,10
11779,10
11778,0
11777,0
11776,0
11775,0
11774,0
11773,7
11772,0
11771,0
11770,0
11769,0
11768,5
11767,0
11766,0
11765,0
11764,0
11763,10
11762,10
11761,0
11760,10
11759,10
11758,5
11757,0
11756,10
11755,10
11754,0
11753,0
11752,6
11751,0
11750,0
11749,0
11748,0
11747,0
11746,0
11745,0
11744,7
11743,0
11742,0
11741,0
11740,10
11739,10
11738,10
11737,10
11736,10
11735,0
11734,0
11733,8
11732,9
11731,7
11730,4
11729,0
11728,0
11727,0
11726,0
11725,0
11724,0
11723,0
11722,5
11721,0
11720,0
11719,10
11718,10
11717,10
11716,10
11715,10
11714,10
11713,0
11712,0
11711,0
11710,10
11709,0
11708,0
11707,0
11706,0
11705,0
11704,0
11703,9
11702,0
11701,0
11700,10
11699,10
11698,10
11697,10
11696,10
11695,10
11694,10
11693,10
11692,10
11691,8
11690,0
11689,0
11688,0
11687,0
11686,0
11685,0
11684,10
11683,10
11682,10
11681,0
11680,10
11679,10
11678,0
11677,0
11676,0
11675,0
11674,0
11673,0
11672,10
11671,10
11670,10
11669,10
11668,10
11667,0
11666,0
11665,0
11664,0
11663,0
11662,0
11661,0
11660,10
11659,10
11658,10
11657,6
11656,0
11655,0
11654,6
11653,0
11652,0
11651,0
11650,3
11649,0
11648,0
11647,0
11646,10
11645,10
11644,8
11643,0
11642,2
11641,0
11640,8
11639,0
11638,0
11637,0
11636,0
11635,0
11634,0
11633,0
11632,3
11631,0
11630,10
11629,10
11628,0
11627,10
11626,10
11625,0
11624,0
11623,8
11622,8
11621,0
11620,0
11619,0
11618,10
11617,7
11616,0
11615,0
11614,0
11613,0
11612,10
11611,0
11610,10
11609,10
11608,0
11607,10
11606,10
11605,0
11604,10
11603,10
11602,0
11601,2
11600,10
11599,10
11598,9
11597,0
11596,0
11595,0
11594,0
11593,0
11592,9
11591,0
11590,0
11589,10
11588,10
11587,0
11586,0
11585,0
11584,0
11583,10
11582,10
11581,4
11580,0
11579,0
11578,0
11577,0
11576,0
11575,0
11574,0
11573,0
11572,0
11571,0
11570,10
11569,10
11568,7
11567,0
11566,0
11565,0
11564,0
11563,1
11562,10
11561,10
11560,0
11559,0
11558,0
11557,10
11556,10
11555,8
11554,0
11553,0
11552,10
11551,0
11550,0
11549,0
11548,0
11547,10
11546,0
11545,0
11544,0
11543,0
11542,9
11541,4
11540,0
11539,0
11538,8
11537,10
11536,10
11535,0
11534,0
11533,10
11532,10
11531,0
11530,0
11529,0
11528,0
11527,0
11526,0
11525,10
11524,10
11523,10
11522,0
11521,0
11520,0
11519,0
11518,10
11517,10
11516,0
11515,9
11514,0
11513,0
11512,0
11511,0
11510,0
11509,0
11508,8
11507,10
11506,10
11505,0
11504,0
11503,0
11502,0
11501,0
11500,0
11499,0
11498,10
11497,10
11496,10
11495,10
11494,0
11493,0
11492,0
11491,0
11490,10
11489,10
11488,5
11487,0
11486,7
11485,0
11484,0
11483,10
11482,10
11481,0
11480,0
11479,0
11478,0
11477,0
11476,0
11475,0
11474,10
11473,10
11472,10
11471,10
11470,0
11469,0
11468,0
11467,0
11466,0
11465,0
11464,8
11463,8
11462,0
11461,10
11460,10
11459,0
11458,0
11457,0
11456,0
11455,0
11454,10
11453,0
11452,0
11451,10
11450,10
11449,10
11448,10
11447,0
11446,0
11445,0
11444,0
11443,0
11442,10
11441,9
11440,0
11439,0
11438,0
11437,0
11436,0
11435,0
11434,0
11433,0
11432,0
11431,0
11430,0
11429,0
11428,10
11427,0
11426,0
11425,0
11424,0
11423,0
11422,0
11421,0
11420,0
11419,0
11418,0
11417,0
11416,0
11415,0
11414,0
11413,0
11412,0
11411,0
11410,0
11409,0
11408,0
11407,0
11406,0
11405,0
11404,0
11403,9
11402,0
11401,0
11400,0
11399,0
11398,0
11397,0
11396,0
11395,0
11394,8
11393,0
11392,10
11391,0
11390,0
11389,0
11388,0
11387,0
11386,1
11385,0
11384,0
11383,0
11382,0
11381,0
11380,0
11379,0
11378,0
11377,0
11376,0
11375,0
11374,0
11373,0
11372,0
11371,0
11370,0
11369,0
11368,0
11367,0
11366,0
11365,0
11364,0
11363,6
11362,0
11361,0
11360,0
11359,0
11358,0
11357,7
11356,0
11355,0
11354,0
11353,0
11352,0
11351,0
11350,0
11349,0
11348,0
11347,0
11346,0
11345,0
11344,0
11343,0
11342,0
11341,0
11340,0
11339,0
11338,0
11337,0
11336,0
11335,0
11334,0
11333,0
11332,0
11331,0
11330,0
11329,0
11328,6
11327,0
11326,0
11325,0
11324,7
11323,0
11322,0
11321,10
11320,0
11319,0
11318,0
11317,0
11316,0
11315,0
11314,0
11313,0
11312,0
11311,0
11310,0
11309,0
11308,0
11307,1
11306,0
11305,0
11304,0
11303,0
11302,0
11301,0
11300,0
11299,0
11298,0
11297,10
11296,10
11295,0
11294,0
11293,0
11292,0
11291,0
11290,7
11289,5
11288,0
11287,0
11286,0
11285,10
11284,0
11283,0
11282,0
11281,0
11280,0
11279,0
11278,0
11277,0
11276,0
11275,0
11274,0
11273,0
11272,0
11271,0
11270,0
11269,0
11268,0
11267,0
11266,0
11265,0
11264,0
11263,2
11262,0
11261,10
11260,10
11259,10
11258,10
11257,0
11256,0
11255,0
11254,0
11253,0
11252,10
11251,0
11250,0
11249,0
11248,9
11247,0
11246,0
11245,0
11244,10
11243,0
11242,0
11241,0
11240,0
11239,0
11238,0
11237,0
11236,0
11235,0
11234,0
11233,0
11232,0
11231,0
11230,0
11229,0
11228,0
11227,0
11226,0
11225,3
11224,0
11223,10
11222,10
11221,10
11220,10
11219,0
11218,0
11217,0
11216,8
11215,0
11214,0
11213,0
11212,6
11211,0
11210,0
11209,6
11208,0
11207,0
11206,0
11205,0
11204,0
11203,0
11202,0
11201,0
11200,0
11199,0
11198,0
11197,0
11196,0
11195,0
11194,0
11193,0
11192,0
11191,0
11190,0
11189,0
11188,10
11187,0
11186,0
11185,0
11184,8
11183,0
11182,0
11181,10
11180,0
11179,0
11178,0
11177,0
11176,3
11175,0
11174,0
11173,0
11172,0
11171,0
11170,0
11169,0
11168,0
11167,0
11166,0
11165,0
11164,0
11163,10
11162,0
11161,0
11160,0
11159,0
11158,0
11157,0
11156,10
11155,10
11154,0
11153,0
11152,10
11151,0
11150,0
11149,7
11148,0
11147,0
11146,9
11145,0
11144,0
11143,0
11142,0
11141,0
11140,10
11139,0
11138,0
11137,0
11136,0
11135,0
11134,0
11133,0
11132,0
11131,0
11130,0
11129,0
11128,0
11127,0
11126,0
11125,0
11124,0
11123,0
11122,0
11121,10
11120,0
11119,0
11118,10
11117,0
11116,0
11115,0
11114,0
11113,7
11112,3
11111,0
11110,0
11109,0
11108,0
11107,0
11106,0
11105,0
11104,0
11103,4
11102,0
11101,0
11100,0
11099,7
11098,0
11097,0
11096,0
11095,0
11094,0
11093,0
11092,0
11091,0
11090,0
11089,0
11088,0
11087,0
11086,0
11085,0
11084,0
11083,0
11082,0
11081,0
11080,0
11079,10
11078,0
11077,0
11076,0
11075,0
11074,0
11073,0
11072,0
11071,0
11070,9
11069,0
11068,0
11067,9
11066,10
11065,0
11064,0
11063,0
11062,0
11061,9
11060,7
11059,10
11058,6
11057,5
11056,10
11055,0
11054,10
11053,0
11052,10
11051,10
11050,0
11049,0
11048,0
11047,2
11046,10
11045,10
11044,0
11043,0
11042,0
11041,10
11040,9
11039,10
11038,0
11037,0
11036,0
11035,0
11034,0
11033,9
11032,0
11031,0
11030,0
11029,0
11028,8
11027,9
11026,6
11025,0
11024,0
11023,10
11022,10
11021,7
11020,0
11019,0
11018,0
11017,0
11016,10
11015,10
11014,10
11013,0
11012,10
11011,10
11010,10
11009,5
11008,0
11007,5
11006,10
11005,10
11004,0
11003,0
11002,0
11001,0
11000,0
10999,0
10998,0
10997,0
10996,0
10995,0
10994,0
10993,10
10992,0
10991,6
10990,0
10989,0
10988,0
10987,7
10986,6
10985,8
10984,8
10983,0
10982,0
10981,10
10980,0
10979,0
10978,0
10977,8
10976,4
10975,0
10974,0
10973,10
10972,10
10971,10
10970,6
10969,0
10968,0
10967,0
10966,0
10965,0
10964,0
10963,0
10962,0
10961,0
10960,9
10959,0
10958,3
10957,0
10956,0
10955,0
10954,10
10953,0
10952,0
10951,9
10950,0
10949,0
10948,10
10947,0
10946,0
10945,0
10944,2
10943,9
10942,8
10941,10
10940,10
10939,9
10938,9
10937,0
10936,2
10935,0
10934,0
10933,0
10932,0
10931,0
10930,0
10929,0
10928,0
10927,0
10926,0
10925,6
10924,4
10923,0
10922,0
10921,0
10920,10
10919,9
10918,0
10917,0
10916,0
10915,0
10914,0
10913,1
10912,0
10911,0
10910,0
10909,10
10908,10
10907,9
10906,10
10905,6
10904,0
10903,0
10902,0
10901,0
10900,0
10899,0
10898,0
10897,10
10896,0
10895,0
10894,0
10893,0
10892,0
10891,8
10890,1
10889,3
10888,0
10887,0
10886,0
10885,0
10884,0
10883,0
10882,7
10881,0
10880,0
10879,0
10878,0
10877,0
10876,0
10875,0
10874,0
10873,0
10872,10
10871,10
10870,8
10869,9
10868,0
10867,0
10866,0
10865,0
10864,0
10863,0
10862,0
10861,0
10860,0
10859,10
10858,0
10857,0
10856,0
10855,10
10854,0
10853,4
10852,0
10851,0
10850,0
10849,0
10848,0
10847,0
10846,0
10845,0
10844,0
10843,8
10842,0
10841,0
10840,0
10839,0
10838,0
10837,0
10836,10
10835,0
10834,10
10833,10
10832,10
10831,10
10830,0
10829,0
10828,0
10827,0
10826,0
10825,0
10824,0
10823,10
10822,10
10821,10
10820,0
10819,0
10818,10
10817,0
10816,0
10815,0
10814,0
10813,0
10812,0
10811,0
10810,0
10809,0
10808,0
10807,0
10806,10
10805,4
10804,0
10803,0
10802,4
10801,0
10800,0
10799,0
10798,10
10797,0
10796,10
10795,10
10794,10
10793,10
10792,10
10791,0
10790,0
10789,0
10788,0
10787,0
10786,0
10785,0
10784,0
10783,10
10782,10
10781,10
10780,0
10779,8
10778,0
10777,0
10776,0
10775,0
10774,0
10773,0
10772,0
10771,10
10770,10
10769,9
10768,10
10767,0
10766,0
10765,1
10764,0
10763,0
10762,9
10761,0
10760,0
10759,10
10758,10
10757,10
10756,10
10755,10
10754,10
10753,10
10752,10
10751,10
10750,10
10749,10
10748,10
10747,10
10746,10
10745,10
10744,10
10743,0
10742,0
10741,0
10740,0
10739,0
10738,6
10737,0
10736,0
10735,0
10734,0
10733,0
10732,0
10731,0
10730,0
10729,0
10728,10
10727,10
10726,0
10725,0
10724,0
10723,10
10722,9
10721,10
10720,10
10719,0
10718,0
10717,0
10716,0
10715,0
10714,9
10713,0
10712,0
10711,0
10710,9
10709,10
10708,10
10707,10
10706,10
10705,10
10704,10
10703,10
10702,10
10701,10
10700,10
10699,10
10698,10
10697,10
10696,10
10695,10
10694,0
10693,0
10692,0
10691,0
10690,0
10689,0
10688,0
10687,6
10686,0
10685,0
10684,0
10683,0
10682,0
10681,0
10680,0
10679,0
10678,0
10677,10
10676,7
10675,0
10674,0
10673,0
10672,0
10671,0
10670,10
10669,10
10668,9
10667,8
10666,7
10665,7
10664,0
10663,0
10662,10
10661,10
10660,10
10659,10
10658,10
10657,10
10656,10
10655,10
10654,10
10653,10
10652,0
10651,0
10650,0
10649,0
10648,0
10647,0
10646,0
10645,0
10644,0
10643,0
10642,2
10641,10
10640,0
10639,0
10638,0
10637,0
10636,0
10635,0
10634,0
10633,0
10632,0
10631,0
10630,0
10629,10
10628,0
10627,10
10626,10
10625,0
10624,0
10623,4
10622,9
10621,0
10620,0
10619,0
10618,0
10617,8
10616,10
10615,10
10614,10
10613,10
10612,10
10611,10
10610,10
10609,10
10608,0
10607,0
10606,0
10605,0
10604,0
10603,0
10602,10
10601,10
10600,0
10599,0
10598,8
10597,0
10596,0
10595,0
10594,0
10593,0
10592,0
10591,0
10590,0
10589,0
10588,8
10587,7
10586,10
10585,0
10584,0
10583,9
10582,10
10581,0
10580,10
10579,10
10578,10
10577,10
10576,10
10575,0
10574,0
10573,0
10572,0
10571,0
10570,0
10569,0
10568,0
10567,0
10566,0
10565,0
10564,0
10563,0
10562,0
10561,0
10560,0
10559,0
10558,0
10557,0
10556,0
10555,0
10554,0
10553,0
10552,0
10551,0
10550,0
10549,0
10548,0
10547,0
10546,0
10545,0
10544,10
10543,0
10542,9
10541,10
10540,0
10539,0
10538,8
10537,0
10536,0
10535,9
10534,10
10533,10
10532,10
10531,0
10530,0
10529,0
10528,0
10527,0
10526,0
10525,0
10524,0
10523,0
10522,0
10521,0
10520,0
10519,0
10518,0
10517,0
10516,0
10515,0
10514,0
10513,0
10512,0
10511,0
10510,0
10509,0
10508,0
10507,0
10506,0
10505,9
10504,10
10503,9
10502,0
10501,0
10500,0
10499,0
10498,0
10497,0
10496,0
10495,0
10494,10
10493,4
10492,0
10491,10
10490,10
10489,10
10488,0
10487,0
10486,0
10485,0
10484,0
10483,0
10482,0
10481,0
10480,0
10479,0
10478,0
10477,0
10476,0
10475,0
10474,0
10473,0
10472,0
10471,0
10470,0
10469,0
10468,0
10467,0
10466,10
10465,0
10464,0
10463,0
10462,0
10461,0
10460,0
10459,0
10458,0
10457,0
10456,0
10455,8
10454,4
10453,0
10452,1
10451,0
10450,0
10449,0
10448,0
10447,0
10446,0
10445,0
10444,1
10443,10
10442,0
10441,0
10440,10
10439,9
10438,10
10437,10
10436,0
10435,0
10434,0
10433,0
10432,0
10431,0
10430,0
10429,0
10428,0
10427,0
10426,0
10425,0
10424,0
10423,0
10422,0
10421,0
10420,0
10419,0
10418,0
10417,0
10416,0
10415,0
10414,0
10413,0
10412,0
10411,0
10410,0
10409,0
10408,0
10407,0
10406,4
10405,10
10404,0
10403,1
10402,0
10401,0
10400,0
10399,0
10398,0
10397,10
10396,10
10395,10
10394,0
10393,0
10392,0
10391,10
10390,0
10389,0
10388,0
10387,0
10386,0
10385,0
10384,0
10383,0
10382,0
10381,0
10380,0
10379,0
10378,0
10377,0
10376,0
10375,0
10374,0
10373,0
10372,0
10371,0
10370,0
10369,0
10368,0
10367,10
10366,1
10365,0
10364,0
10363,0
10362,0
10361,10
10360,10
10359,0
10358,0
10357,0
10356,0
10355,0
10354,0
10353,9
10352,0
10351,0
10350,0
10349,0
10348,0
10347,0
10346,5
10345,0
10344,0
10343,4
10342,10
10341,10
10340,1
10339,0
10338,0
10337,10
10336,9
10335,0
10334,0
10333,5
10332,10
10331,10
10330,3
10329,0
10328,2
10327,3
10326,0
10325,3
10324,0
10323,0
10322,0
10321,0
10320,0
10319,0
10318,0
10317,0
10316,0
10315,0
10314,0
10313,0
10312,0
10311,0
10310,0
10309,0
10308,0
10307,0
10306,0
10305,0
10304,0
10303,0
10302,0
10301,0
10300,0
10299,0
10298,10
10297,10
10296,0
10295,0
10294,0
10293,0
10292,0
10291,0
10290,0
10289,0
10288,10
10287,10
10286,2
10285,3
10284,0
10283,0
10282,0
10281,0
10280,0
10279,0
10278,10
10277,0
10276,0
10275,0
10274,9
10273,10
10272,10
10271,0
10270,0
10269,10
10268,5
10267,0
10266,0
10265,0
10264,0
10263,0
10262,0
10261,0
10260,0
10259,0
10258,0
10257,0
10256,0
10255,0
10254,0
10253,0
10252,0
10251,0
10250,0
10249,0
10248,0
10247,0
10246,1
10245,0
10244,0
10243,0
10242,0
10241,0
10240,0
10239,0
10238,0
10237,0
10236,0
10235,0
10234,0
10233,0
10232,0
10231,0
10230,10
10229,10
10228,10
10227,0
10226,0
10225,0
10224,0
10223,0
10222,0
10221,0
10220,9
10219,0
10218,0
10217,2
10216,0
10215,10
10214,0
10213,10
10212,10
10211,1
10210,0
10209,0
10208,10
10207,0
10206,0
10205,0
10204,0
10203,0
10202,0
10201,0
10200,0
10199,0
10198,0
10197,0
10196,0
10195,4
10194,0
10193,0
10192,0
10191,0
10190,0
10189,0
10188,0
10187,0
10186,0
10185,0
10184,0
10183,0
10182,0
10181,0
10180,0
10179,0
10178,0
10177,0
10176,0
10175,0
10174,0
10173,0
10172,0
10171,0
10170,0
10169,0
10168,0
10167,10
10166,10
10165,10
10164,0
10163,0
10162,0
10161,0
10160,10
10159,10
10158,0
10157,0
10156,0
10155,0
10154,0
10153,0
10152,8
10151,10
10150,4
10149,4
10148,0
10147,0
10146,2
10145,0
10144,0
10143,1
10142,9
10141,9
10140,4
10139,6
10138,0
10137,0
10136,0
10135,0
10134,0
10133,0
10132,9
10131,7
10130,0
10129,0
10128,0
10127,0
10126,0
10125,0
10124,0
10123,0
10122,0
10121,0
10120,0
10119,0
10118,0
10117,0
10116,0
10115,0
10114,0
10113,0
10112,0
10111,0
10110,0
10109,0
10108,0
10107,0
10106,0
10105,0
10104,0
10103,0
10102,10
10101,0
10100,0
10099,9
10098,0
10097,0
10096,0
10095,0
10094,0
10093,0
10092,10
10091,10
10090,10
10089,10
10088,9
10087,10
10086,10
10085,8
10084,0
10083,0
10082,0
10081,10
10080,0
10079,0
10078,8
10077,0
10076,2
10075,9
10074,9
10073,5
10072,0
10071,10
10070,0
10069,0
10068,0
10067,0
10066,0
10065,0
10064,8
10063,2
10062,0
10061,0
10060,0
10059,0
10058,0
10057,0
10056,0
10055,0
10054,0
10053,0
10052,0
10051,0
10050,0
10049,0
10048,0
10047,0
10046,0
10045,0
10044,0
10043,0
10042,0
10041,0
10040,0
10039,10
10038,0
10037,0
10036,10
10035,0
10034,0
10033,0
10032,10
10031,10
10030,10
10029,0
10028,10
10027,5
10026,0
10025,0
10024,0
10023,0
10022,9
10021,8
10020,0
10019,0
10018,2
10017,9
10016,0
10015,0
10014,0
10013,9
10012,6
10011,0
10010,0
10009,0
10008,0
10007,0
10006,0
10005,10
10004,10
10003,10
10002,10
10001,10
10000,0
9999,0
9998,0
9997,0
9996,0
9995,0
9994,0
9993,0
9992,0
9991,0
9990,0
9989,0
9988,0
9987,0
9986,0
9985,0
9984,0
9983,0
9982,0
9981,0
9980,0
9979,0
9978,0
9977,0
9976,0
9975,0
9974,0
9973,0
9972,0
9971,0
9970,0
9969,0
9968,0
9967,0
9966,0
9965,0
9964,0
9963,0
9962,0
9961,0
9960,0
9959,0
9958,0
9957,0
9956,1
9955,9
9954,10
9953,0
9952,0
9951,9
9950,0
9949,0
9948,0
9947,10
9946,10
9945,10
9944,10
9943,10
9942,0
9941,0
9940,0
9939,0
9938,0
9937,0
9936,0
9935,0
9934,0
9933,0
9932,0
9931,0
9930,0
9929,0
9928,0
9927,0
9926,0
9925,0
9924,0
9923,0
9922,0
9921,0
9920,0
9919,0
9918,0
9917,0
9916,0
9915,0
9914,0
9913,2
9912,0
9911,0
9910,0
9909,0
9908,0
9907,0
9906,0
9905,0
9904,0
9903,0
9902,10
9901,0
9900,6
9899,10
9898,10
9897,10
9896,0
9895,0
9894,1
9893,10
9892,10
9891,10
9890,10
9889,10
9888,0
9887,0
9886,0
9885,0
9884,0
9883,0
9882,0
9881,0
9880,0
9879,0
9878,0
9877,0
9876,0
9875,0
9874,0
9873,0
9872,0
9871,0
9870,0
9869,0
9868,0
9867,0
9866,0
9865,0
9864,0
9863,0
9862,0
9861,0
9860,0
9859,0
9858,0
9857,0
9856,0
9855,0
9854,0
9853,0
9852,0
9851,10
9850,10
9849,10
9848,10
9847,10
9846,4
9845,0
9844,0
9843,0
9842,10
9841,1
9840,0
9839,0
9838,0
9837,10
9836,10
9835,10
9834,0
9833,10
9832,0
9831,0
9830,0
9829,0
9828,0
9827,0
9826,0
9825,0
9824,0
9823,0
9822,0
9821,0
9820,0
9819,0
9818,0
9817,0
9816,10
9815,10
9814,0
9813,0
9812,0
9811,0
9810,0
9809,0
9808,0
9807,0
9806,0
9805,0
9804,0
9803,0
9802,0
9801,0
9800,0
9799,0
9798,10
9797,10
9796,3
9795,10
9794,1
9793,0
9792,0
9791,0
9790,0
9789,9
9788,0
9787,0
9786,0
9785,0
9784,0
9783,10
9782,10
9781,10
9780,0
9779,10
9778,0
9777,0
9776,0
9775,0
9774,0
9773,0
9772,0
9771,0
9770,0
9769,0
9768,0
9767,0
9766,0
9765,0
9764,0
9763,0
9762,0
9761,0
9760,0
9759,0
9758,0
9757,0
9756,0
9755,0
9754,0
9753,0
9752,0
9751,0
9750,0
9749,0
9748,0
9747,5
9746,0
9745,0
9744,0
9743,0
9742,0
9741,0
9740,0
9739,10
9738,0
9737,2
9736,7
9735,0
9734,0
9733,0
9732,0
9731,0
9730,10
9729,0
9728,10
9727,10
9726,0
9725,0
9724,10
9723,0
9722,0
9721,0
9720,0
9719,0
9718,0
9717,0
9716,0
9715,0
9714,0
9713,0
9712,0
9711,0
9710,0
9709,0
9708,0
9707,0
9706,0
9705,0
9704,0
9703,0
9702,0
9701,0
9700,0
9699,0
9698,0
9697,0
9696,0
9695,8
9694,10
9693,0
9692,10
9691,0
9690,0
9689,0
9688,0
9687,0
9686,0
9685,0
9684,0
9683,0
9682,0
9681,0
9680,10
9679,0
9678,0
9677,0
9676,10
9675,10
9674,0
9673,0
9672,0
9671,0
9670,0
9669,0
9668,0
9667,0
9666,6
9665,7
9664,0
9663,9
9662,0
9661,0
9660,0
9659,0
9658,0
9657,0
9656,0
9655,0
9654,0
9653,0
9652,0
9651,0
9650,0
9649,0
9648,0
9647,0
9646,0
9645,0
9644,0
9643,0
9642,0
9641,0
9640,0
9639,0
9638,0
9637,0
9636,0
9635,0
9634,0
9633,9
9632,10
9631,0
9630,0
9629,10
9628,10
9627,10
9626,10
9625,0
9624,0
9623,0
9622,0
9621,0
9620,0
9619,0
9618,0
9617,0
9616,0
9615,10
9614,8
9613,0
9612,0
9611,9
9610,10
9609,9
9608,0
9607,0
9606,0
9605,0
9604,0
9603,0
9602,0
9601,0
9600,0
9599,0
9598,0
9597,7
9596,0
9595,0
9594,6
9593,0
9592,0
9591,0
9590,0
9589,0
9588,0
9587,0
9586,0
9585,0
9584,0
9583,0
9582,0
9581,0
9580,0
9579,0
9578,0
9577,0
9576,0
9575,0
9574,0
9573,0
9572,0
9571,0
9570,0
9569,0
9568,0
9567,0
9566,0
9565,0
9564,0
9563,0
9562,10
9561,10
9560,0
9559,0
9558,0
9557,0
9556,0
9555,0
9554,0
9553,0
9552,2
9551,0
9550,0
9549,0
9548,0
9547,0
9546,0
9545,0
9544,0
9543,10
9542,0
9541,0
9540,0
9539,0
9538,0
9537,0
9536,0
9535,0
9534,10
9533,1
9532,0
9531,0
9530,0
9529,0
9528,0
9527,0
9526,10
9525,0
9524,0
9523,0
9522,0
9521,0
9520,0
9519,0
9518,0
9517,10
9516,10
9515,0
9514,0
9513,0
9512,0
9511,0
9510,0
9509,0
9508,0
9507,0
9506,0
9505,0
9504,0
9503,0
9502,0
9501,0
9500,0
9499,0
9498,0
9497,0
9496,0
9495,0
9494,0
9493,0
9492,0
9491,0
9490,0
9489,0
9488,0
9487,2
9486,0
9485,0
9484,0
9483,10
9482,10
9481,10
9480,10
9479,10
9478,10
9477,0
9476,0
9475,0
9474,0
9473,0
9472,0
9471,0
9470,0
9469,0
9468,0
9467,0
9466,0
9465,0
9464,0
9463,0
9462,0
9461,0
9460,0
9459,0
9458,0
9457,0
9456,0
9455,0
9454,0
9453,0
9452,0
9451,0
9450,0
9449,0
9448,10
9447,10
9446,0
9445,0
9444,0
9443,10
9442,0
9441,0
9440,0
9439,0
9438,0
9437,10
9436,10
9435,10
9434,10
9433,10
9432,10
9431,0
9430,0
9429,0
9428,0
9427,0
9426,0
9425,0
9424,0
9423,0
9422,0
9421,0
9420,0
9419,0
9418,0
9417,0
9416,0
9415,0
9414,0
9413,0
9412,0
9411,0
9410,0
9409,0
9408,0
9407,0
9406,0
9405,0
9404,0
9403,0
9402,0
9401,0
9400,0
9399,0
9398,10
9397,10
9396,10
9395,10
9394,10
9393,10
9392,0
9391,0
9390,0
9389,0
9388,0
9387,0
9386,0
9385,1
9384,0
9383,0
9382,0
9381,0
9380,0
9379,0
9378,0
9377,0
9376,0
9375,0
9374,0
9373,0
9372,0
9371,0
9370,0
9369,0
9368,0
9367,0
9366,0
9365,0
9364,0
9363,10
9362,0
9361,0
9360,0
9359,0
9358,0
9357,0
9356,0
9355,0
9354,6
9353,0
9352,0
9351,0
9350,0
9349,0
9348,0
9347,10
9346,0
9345,0
9344,10
9343,10
9342,0
9341,0
9340,0
9339,0
9338,0
9337,0
9336,10
9335,10
9334,10
9333,0
9332,10
9331,10
9330,5
9329,0
9328,0
9327,0
9326,0
9325,0
9324,0
9323,0
9322,0
9321,0
9320,0
9319,0
9318,0
9317,0
9316,0
9315,10
9314,10
9313,0
9312,0
9311,0
9310,0
9309,0
9308,0
9307,0
9306,0
9305,0
9304,0
9303,0
9302,0
9301,0
9300,0
9299,0
9298,0
9297,0
9296,0
9295,0
9294,0
9293,6
9292,10
9291,0
9290,0
9289,0
9288,0
9287,0
9286,1
9285,0
9284,0
9283,0
9282,0
9281,0
9280,0
9279,0
9278,0
9277,10
9276,10
9275,0
9274,0
9273,0
9272,0
9271,0
9270,0
9269,0
9268,0
9267,0
9266,2
9265,10
9264,10
9263,0
9262,0
9261,0
9260,0
9259,0
9258,0
9257,10
9256,1
9255,0
9254,0
9253,0
9252,0
9251,10
9250,0
9249,0
9248,0
9247,0
9246,10
9245,0
9244,0
9243,10
9242,10
9241,10
9240,0
9239,0
9238,0
9237,0
9236,0
9235,10
9234,10
9233,10
9232,10
9231,10
9230,10
9229,10
9228,10
9227,0
9226,0
9225,0
9224,0
9223,0
9222,0
9221,0
9220,0
9219,0
9218,0
9217,0
9216,0
9215,0
9214,0
9213,0
9212,10
9211,10
9210,0
9209,0
9208,0
9207,0
9206,0
9205,0
9204,0
9203,0
9202,0
9201,0
9200,0
9199,0
9198,0
9197,0
9196,0
9195,10
9194,5
9193,0
9192,0
9191,0
9190,0
9189,0
9188,0
9187,0
9186,0
9185,0
9184,0
9183,0
9182,0
9181,10
9180,10
9179,0
9178,0
9177,0
9176,0
9175,0
9174,0
9173,0
9172,0
9171,0
9170,0
9169,10
9168,10
9167,0
9166,0
9165,0
9164,0
9163,0
9162,1
9161,0
9160,0
9159,0
9158,0
9157,0
9156,0
9155,0
9154,0
9153,0
9152,10
9151,0
9150,0
9149,0
9148,0
9147,0
9146,0
9145,0
9144,0
9143,0
9142,10
9141,10
9140,0
9139,0
9138,10
9137,10
9136,0
9135,0
9134,0
9133,0
9132,0
9131,0
9130,0
9129,0
9128,10
9127,10
9126,0
9125,0
9124,0
9123,0
9122,0
9121,0
9120,0
9119,0
9118,0
9117,0
9116,0
9115,0
9114,0
9113,0
9112,0
9111,0
9110,0
9109,0
9108,0
9107,0
9106,0
9105,0
9104,0
9103,10
9102,10
9101,0
9100,0
9099,0
9098,0
9097,0
9096,0
9095,0
9094,0
9093,0
9092,0
9091,0
9090,0
9089,0
9088,0
9087,0
9086,10
9085,10
9084,10
9083,10
9082,10
9081,9
9080,0
9079,0
9078,0
9077,0
9076,0
9075,0
9074,0
9073,0
9072,10
9071,0
9070,0
9069,0
9068,0
9067,0
9066,0
9065,0
9064,0
9063,0
9062,10
9061,10
9060,10
9059,0
9058,10
9057,0
9056,0
9055,0
9054,0
9053,0
9052,0
9051,0
9050,0
9049,0
9048,0
9047,0
9046,0
9045,0
9044,0
9043,0
9042,0
9041,0
9040,0
9039,0
9038,0
9037,0
9036,0
9035,0
9034,10
9033,10
9032,0
9031,0
9030,0
9029,0
9028,0
9027,0
9026,0
9025,0
9024,0
9023,0
9022,0
9021,0
9020,0
9019,0
9018,0
9017,0
9016,0
9015,0
9014,0
9013,0
9012,0
9011,0
9010,0
9009,0
9008,10
9007,10
9006,0
9005,0
9004,0
9003,0
9002,0
9001,0
9000,0
8999,0
8998,0
8997,0
8996,0
8995,0
8994,0
8993,0
8992,10
8991,10
8990,10
8989,10
8988,0
8987,0
8986,0
8985,0
8984,0
8983,10
8982,0
8981,0
8980,0
8979,0
8978,0
8977,0
8976,0
8975,0
8974,0
8973,0
8972,0
8971,0
8970,10
8969,10
8968,10
8967,0
8966,0
8965,0
8964,0
8963,0
8962,0
8961,0
8960,0
8959,0
8958,0
8957,0
8956,0
8955,0
8954,0
8953,0
8952,0
8951,0
8950,0
8949,0
8948,0
8947,0
8946,0
8945,10
8944,6
8943,0
8942,0
8941,0
8940,0
8939,0
8938,0
8937,0
8936,0
8935,0
8934,0
8933,0
8932,0
8931,0
8930,0
8929,0
8928,0
8927,0
8926,0
8925,0
8924,0
8923,0
8922,0
8921,0
8920,0
8919,0
8918,0
8917,10
8916,10
8915,0
8914,0
8913,0
8912,0
8911,0
8910,0
8909,0
8908,0
8907,0
8906,0
8905,0
8904,0
8903,0
8902,10
8901,0
8900,0
8899,0
8898,0
8897,0
8896,0
8895,0
8894,0
8893,0
8892,0
8891,0
8890,0
8889,0
8888,0
8887,0
8886,0
8885,0
8884,0
8883,0
8882,0
8881,10
8880,10
8879,10
8878,0
8877,10
8876,0
8875,0
8874,0
8873,0
8872,0
8871,0
8870,0
8869,0
8868,0
8867,0
8866,10
8865,0
8864,0
8863,0
8862,0
8861,0
8860,0
8859,0
8858,0
8857,0
8856,10
8855,0
8854,10
8853,0
8852,0
8851,0
8850,0
8849,0
8848,0
8847,0
8846,0
8845,0
8844,0
8843,0
8842,0
8841,0
8840,0
8839,0
8838,0
8837,0
8836,0
8835,0
8834,0
8833,0
8832,0
8831,0
8830,0
8829,0
8828,0
8827,0
8826,0
8825,0
8824,0
8823,0
8822,0
8821,0
8820,0
8819,0
8818,0
8817,0
8816,0
8815,0
8814,0
8813,6
8812,0
8811,0
8810,0
8809,0
8808,10
8807,0
8806,0
8805,0
8804,0
8803,0
8802,0
8801,0
8800,0
8799,0
8798,0
8797,0
8796,0
8795,0
8794,0
8793,0
8792,0
8791,0
8790,0
8789,0
8788,0
8787,0
8786,10
8785,10
8784,10
8783,10
8782,0
8781,0
8780,0
8779,0
8778,0
8777,0
8776,0
8775,0
8774,0
8773,0
8772,0
8771,0
8770,0
8769,0
8768,0
8767,0
8766,0
8765,0
8764,0
8763,0
8762,0
8761,0
8760,0
8759,0
8758,10
8757,0
8756,0
8755,0
8754,0
8753,0
8752,0
8751,0
8750,0
8749,0
8748,0
8747,0
8746,0
8745,0
8744,0
8743,0
8742,0
8741,0
8740,0
8739,0
8738,0
8737,0
8736,0
8735,0
8734,0
8733,0
8732,0
8731,0
8730,0
8729,0
8728,0
8727,0
8726,0
8725,0
8724,0
8723,0
8722,0
8721,0
8720,10
8719,0
8718,0
8717,0
8716,0
8715,0
8714,0
8713,0
8712,0
8711,0
8710,0
8709,0
8708,0
8707,10
8706,10
8705,10
8704,0
8703,0
8702,0
8701,0
8700,0
8699,0
8698,0
8697,0
8696,0
8695,0
8694,0
8693,0
8692,0
8691,0
8690,0
8689,0
8688,0
8687,10
8686,10
8685,0
8684,0
8683,0
8682,0
8681,0
8680,0
8679,0
8678,0
8677,0
8676,0
8675,0
8674,8
8673,0
8672,0
8671,0
8670,0
8669,0
8668,0
8667,0
8666,0
8665,0
8664,0
8663,0
8662,0
8661,0
8660,0
8659,0
8658,0
8657,0
8656,0
8655,0
8654,0
8653,0
8652,10
8651,1
8650,0
8649,0
8648,0
8647,0
8646,0
8645,0
8644,0
8643,0
8642,0
8641,0
8640,0
8639,0
8638,0
8637,0
8636,0
8635,0
8634,0
8633,0
8632,0
8631,0
8630,0
8629,0
8628,0
8627,0
8626,0
8625,0
8624,0
8623,0
8622,0
8621,0
8620,0
8619,0
8618,0
8617,0
8616,0
8615,10
8614,0
8613,0
8612,0
8611,0
8610,0
8609,0
8608,0
8607,0
8606,0
8605,9
8604,0
8603,0
8602,0
8601,0
8600,0
8599,0
8598,0
8597,0
8596,10
8595,10
8594,10
8593,10
8592,0
8591,0
8590,0
8589,0
8588,0
8587,0
8586,0
8585,0
8584,0
8583,0
8582,0
8581,0
8580,0
8579,0
8578,0
8577,0
8576,0
8575,8
8574,8
8573,7
8572,0
8571,0
8570,7
8569,10
8568,9
8567,0
8566,0
8565,0
8564,0
8563,0
8562,9
8561,0
8560,0
8559,0
8558,0
8557,0
8556,0
8555,0
8554,0
8553,0
8552,0
8551,0
8550,0
8549,0
8548,0
8547,0
8546,0
8545,0
8544,0
8543,0
8542,0
8541,0
8540,0
8539,0
8538,0
8537,0
8536,0
8535,0
8534,0
8533,0
8532,0
8531,0
8530,0
8529,0
8528,0
8527,0
8526,0
8525,0
8524,0
8523,0
8522,0
8521,0
8520,0
8519,0
8518,0
8517,0
8516,0
8515,0
8514,0
8513,0
8512,0
8511,0
8510,0
8509,0
8508,0
8507,0
8506,0
8505,0
8504,0
8503,0
8502,0
8501,0
8500,0
8499,0
8498,0
8497,0
8496,0
8495,0
8494,0
8493,0
8492,0
8491,0
8490,0
8489,0
8488,0
8487,10
8486,0
8485,0
8484,0
8483,0
8482,0
8481,0
8480,0
8479,0
8478,0
8477,0
8476,0
8475,0
8474,0
8473,0
8472,0
8471,0
8470,0
8469,0
8468,0
8467,0
8466,9
8465,0
8464,0
8463,0
8462,0
8461,0
8460,0
8459,0
8458,0
8457,0
8456,9
8455,8
8454,0
8453,0
8452,0
8451,7
8450,0
8449,0
8448,0
8447,0
8446,0
8445,0
8444,0
8443,0
8442,0
8441,0
8440,0
8439,0
8438,0
8437,0
8436,0
8435,0
8434,0
8433,0
8432,0
8431,0
8430,0
8429,0
8428,0
8427,0
8426,0
8425,0
8424,0
8423,0
8422,0
8421,0
8420,0
8419,0
8418,0
8417,0
8416,0
8415,0
8414,0
8413,0
8412,0
8411,0
8410,0
8409,0
8408,0
8407,0
8406,0
8405,0
8404,0
8403,0
8402,0
8401,0
8400,0
8399,0
8398,0
8397,0
8396,0
8395,0
8394,0
8393,0
8392,0
8391,0
8390,0
8389,0
8388,0
8387,0
8386,0
8385,0
8384,2
8383,0
8382,0
8381,0
8380,0
8379,0
8378,0
8377,0
8376,0
8375,10
8374,10
8373,0
8372,0
8371,0
8370,0
8369,0
8368,0
8367,0
8366,0
8365,0
8364,0
8363,0
8362,0
8361,0
8360,0
8359,0
8358,0
8357,0
8356,0
8355,0
8354,0
8353,0
8352,0
8351,0
8350,0
8349,0
8348,0
8347,0
8346,10
8345,8
8344,3
8343,0
8342,0
8341,0
8340,0
8339,0
8338,0
8337,0
8336,0
8335,0
8334,0
8333,0
8332,0
8331,0
8330,0
8329,0
8328,0
8327,0
8326,0
8325,0
8324,0
8323,0
8322,0
8321,0
8320,0
8319,0
8318,0
8317,0
8316,0
8315,0
8314,0
8313,0
8312,0
8311,0
8310,0
8309,0
8308,0
8307,0
8306,0
8305,0
8304,0
8303,0
8302,0
8301,0
8300,0
8299,0
8298,0
8297,0
8296,0
8295,0
8294,0
8293,0
8292,0
8291,0
8290,0
8289,0
8288,0
8287,0
8286,0
8285,0
8284,0
8283,0
8282,0
8281,0
8280,0
8279,0
8278,0
8277,0
8276,0
8275,0
8274,0
8273,0
8272,0
8271,0
8270,0
8269,0
8268,0
8267,0
8266,0
8265,0
8264,0
8263,0
8262,0
8261,0
8260,0
8259,0
8258,0
8257,0
8256,0
8255,0
8254,0
8253,0
8252,0
8251,0
8250,0
8249,0
8248,0
8247,0
8246,0
8245,0
8244,0
8243,0
8242,0
8241,0
8240,0
8239,0
8238,0
8237,0
8236,0
8235,0
8234,0
8233,0
8232,0
8231,0
8230,0
8229,0
8228,9
8227,8
8226,0
8225,0
8224,0
8223,8
8222,0
8221,0
8220,0
8219,0
8218,0
8217,0
8216,0
8215,0
8214,0
8213,0
8212,0
8211,0
8210,0
8209,0
8208,0
8207,0
8206,0
8205,0
8204,0
8203,0
8202,0
8201,0
8200,0
8199,0
8198,0
8197,0
8196,0
8195,0
8194,0
8193,0
8192,0
8191,0
8190,0
8189,0
8188,0
8187,0
8186,0
8185,0
8184,0
8183,0
8182,0
8181,0
8180,0
8179,0
8178,0
8177,0
8176,0
8175,0
8174,0
8173,0
8172,0
8171,0
8170,0
8169,0
8168,0
8167,0
8166,0
8165,0
8164,0
8163,0
8162,0
8161,0
8160,0
8159,0
8158,0
8157,0
8156,0
8155,0
8154,0
8153,0
8152,0
8151,0
8150,0
8149,0
8148,0
8147,0
8146,0
8145,0
8144,0
8143,0
8142,0
8141,0
8140,0
8139,0
8138,0
8137,0
8136,0
8135,0
8134,0
8133,0
8132,0
8131,0
8130,0
8129,0
8128,0
8127,0
8126,0
8125,0
8124,0
8123,0
8122,0
8121,0
8120,0
8119,0
8118,0
8117,0
8116,0
8115,0
8114,0
8113,10
8112,10
8111,9
8110,9
8109,0
8108,0
8107,0
8106,0
8105,0
8104,0
8103,0
8102,0
8101,0
8100,0
8099,0
8098,0
8097,0
8096,0
8095,0
8094,0
8093,0
8092,0
8091,0
8090,0
8089,0
8088,0
8087,0
8086,0
8085,0
8084,0
8083,0
8082,0
8081,0
8080,0
8079,0
8078,0
8077,0
8076,0
8075,0
8074,0
8073,0
8072,0
8071,0
8070,0
8069,0
8068,0
8067,0
8066,0
8065,0
8064,0
8063,0
8062,0
8061,0
8060,0
8059,0
8058,0
8057,0
8056,0
8055,0
8054,0
8053,10
8052,10
8051,10
8050,10
8049,10
8048,10
8047,0
8046,0
8045,0
8044,0
8043,0
8042,0
8041,8
8040,9
8039,0
8038,0
8037,0
8036,0
8035,0
8034,0
8033,0
8032,0
8031,0
8030,0
8029,0
8028,10
8027,0
8026,0
8025,0
8024,0
8023,0
8022,0
8021,10
8020,10
8019,0
8018,0
8017,0
8016,0
8015,0
8014,0
8013,0
8012,0
8011,0
8010,0
8009,0
8008,0
8007,0
8006,0
8005,0
8004,0
8003,0
8002,0
8001,0
8000,0
7999,0
7998,0
7997,0
7996,0
7995,0
7994,0
7993,4
7992,0
7991,0
7990,0
7989,0
7988,0
7987,0
7986,0
7985,0
7984,0
7983,0
7982,0
7981,0
7980,0
7979,0
7978,0
7977,0
7976,0
7975,0
7974,0
7973,0
7972,0
7971,0
7970,0
7969,0
7968,0
7967,0
7966,0
7965,0
7964,0
7963,0
7962,0
7961,0
7960,0
7959,0
7958,0
7957,1
7956,0
7955,0
7954,0
7953,0
7952,0
7951,0
7950,0
7949,0
7948,0
7947,0
7946,0
7945,0
7944,0
7943,0
7942,0
7941,0
7940,0
7939,0
7938,0
7937,0
7936,0
7935,0
7934,0
7933,0
7932,0
7931,0
7930,0
7929,0
7928,0
7927,0
7926,10
7925,10
7924,10
7923,10
7922,10
7921,10
7920,0
7919,0
7918,0
7917,0
7916,0
7915,0
7914,10
7913,7
7912,0
7911,0
7910,0
7909,0
7908,0
7907,0
7906,0
7905,0
7904,0
7903,0
7902,0
7901,10
7900,0
7899,0
7898,0
7897,0
7896,0
7895,10
7894,10
7893,10
7892,0
7891,0
7890,0
7889,0
7888,0
7887,0
7886,0
7885,0
7884,0
7883,0
7882,0
7881,0
7880,0
7879,0
7878,0
7877,0
7876,0
7875,0
7874,0
7873,0
7872,0
7871,0
7870,0
7869,0
7868,0
7867,0
7866,0
7865,2
7864,0
7863,4
7862,0
7861,0
7860,0
7859,0
7858,0
7857,0
7856,0
7855,0
7854,0
7853,0
7852,0
7851,0
7850,0
7849,0
7848,0
7847,0
7846,0
7845,0
7844,0
7843,0
7842,0
7841,0
7840,0
7839,0
7838,0
7837,0
7836,0
7835,0
7834,0
7833,0
7832,0
7831,0
7830,0
7829,0
7828,0
7827,0
7826,0
7825,0
7824,0
7823,0
7822,0
7821,0
7820,0
7819,0
7818,0
7817,0
7816,0
7815,0
7814,0
7813,0
7812,0
7811,0
7810,0
7809,0
7808,0
7807,10
7806,10
7805,0
7804,0
7803,0
7802,0
7801,0
7800,0
7799,0
7798,0
7797,0
7796,0
7795,7
7794,10
7793,8
7792,10
7791,0
7790,0
7789,0
7788,0
7787,10
7786,10
7785,0
7784,0
7783,0
7782,0
7781,0
7780,0
7779,10
7778,10
7777,0
7776,0
7775,0
7774,0
7773,0
7772,0
7771,0
7770,0
7769,0
7768,0
7767,0
7766,0
7765,0
7764,0
7763,0
7762,0
7761,0
7760,0
7759,0
7758,0
7757,0
7756,0
7755,0
7754,0
7753,0
7752,0
7751,0
7750,0
7749,0
7748,0
7747,0
7746,0
7745,0
7744,0
7743,0
7742,0
7741,0
7740,0
7739,0
7738,0
7737,0
7736,0
7735,0
7734,0
7733,0
7732,0
7731,0
7730,0
7729,0
7728,0
7727,0
7726,0
7725,0
7724,0
7723,0
7722,0
7721,0
7720,0
7719,0
7718,0
7717,0
7716,0
7715,10
7714,0
7713,10
7712,10
7711,0
7710,0
7709,0
7708,0
7707,0
7706,0
7705,0
7704,0
7703,0
7702,0
7701,0
7700,0
7699,0
7698,0
7697,0
7696,0
7695,0
7694,0
7693,0
7692,0
7691,0
7690,0
7689,0
7688,0
7687,0
7686,0
7685,0
7684,0
7683,0
7682,0
7681,0
7680,0
7679,10
7678,10
7677,0
7676,0
7675,0
7674,0
7673,0
7672,0
7671,0
7670,0
7669,0
7668,0
7667,9
7666,6
7665,8
7664,10
7663,0
7662,0
7661,0
7660,0
7659,10
7658,10
7657,0
7656,0
7655,0
7654,0
7653,0
7652,0
7651,10
7650,10
7649,0
7648,0
7647,0
7646,0
7645,0
7644,0
7643,0
7642,0
7641,0
7640,0
7639,0
7638,0
7637,0
7636,0
7635,0
7634,0
7633,0
7632,0
7631,0
7630,0
7629,0
7628,0
7627,0
7626,0
7625,0
7624,0
7623,0
7622,0
7621,0
7620,0
7619,0
7618,0
7617,0
7616,0
7615,0
7614,0
7613,0
7612,0
7611,0
7610,0
7609,0
7608,0
7607,4
7606,0
7605,0
7604,0
7603,0
7602,0
7601,0
7600,0
7599,0
7598,0
7597,0
7596,0
7595,0
7594,0
7593,0
7592,0
7591,0
7590,0
7589,0
7588,0
7587,0
7586,0
7585,0
7584,0
7583,0
7582,0
7581,0
7580,0
7579,0
7578,0
7577,0
7576,0
7575,0
7574,0
7573,0
7572,0
7571,0
7570,0
7569,0
7568,0
7567,0
7566,0
7565,0
7564,0
7563,0
7562,0
7561,0
7560,0
7559,0
7558,0
7557,0
7556,0
7555,0
7554,0
7553,0
7552,0
7551,0
7550,0
7549,0
7548,0
7547,0
7546,0
7545,0
7544,0
7543,0
7542,0
7541,0
7540,0
7539,0
7538,0
7537,0
7536,0
7535,0
7534,8
7533,10
7532,10
7531,10
7530,10
7529,10
7528,10
7527,10
7526,10
7525,10
7524,0
7523,0
7522,0
7521,0
7520,0
7519,0
7518,0
7517,0
7516,10
7515,10
7514,0
7513,0
7512,0
7511,0
7510,1
7509,0
7508,0
7507,0
7506,0
7505,0
7504,0
7503,0
7502,0
7501,0
7500,0
7499,0
7498,0
7497,0
7496,0
7495,0
7494,0
7493,0
7492,0
7491,0
7490,0
7489,0
7488,0
7487,0
7486,0
7485,0
7484,0
7483,0
7482,0
7481,0
7480,0
7479,0
7478,0
7477,5
7476,0
7475,0
7474,0
7473,0
7472,0
7471,0
7470,0
7469,0
7468,0
7467,0
7466,0
7465,0
7464,0
7463,0
7462,0
7461,0
7460,0
7459,0
7458,0
7457,0
7456,0
7455,0
7454,0
7453,0
7452,0
7451,0
7450,0
7449,0
7448,0
7447,0
7446,0
7445,0
7444,0
7443,0
7442,0
7441,0
7440,0
7439,0
7438,0
7437,0
7436,0
7435,0
7434,0
7433,0
7432,0
7431,0
7430,0
7429,0
7428,0
7427,0
7426,0
7425,0
7424,0
7423,0
7422,0
7421,0
7420,0
7419,0
7418,0
7417,0
7416,0
7415,0
7414,0
7413,0
7412,0
7411,0
7410,0
7409,0
7408,0
7407,0
7406,0
7405,0
7404,0
7403,0
7402,0
7401,10
7400,10
7399,10
7398,10
7397,10
7396,10
7395,10
7394,10
7393,10
7392,10
7391,0
7390,0
7389,0
7388,0
7387,0
7386,0
7385,0
7384,0
7383,10
7382,10
7381,0
7380,0
7379,0
7378,10
7377,10
7376,0
7375,0
7374,0
7373,10
7372,0
7371,0
7370,0
7369,0
7368,0
7367,0
7366,0
7365,0
7364,0
7363,0
7362,0
7361,0
7360,0
7359,0
7358,0
7357,0
7356,0
7355,0
7354,0
7353,0
7352,0
7351,0
7350,0
7349,0
7348,0
7347,0
7346,0
7345,0
7344,0
7343,0
7342,7
7341,0
7340,0
7339,0
7338,0
7337,0
7336,0
7335,0
7334,0
7333,0
7332,0
7331,2
7330,3
7329,6
7328,0
7327,0
7326,0
7325,0
7324,0
7323,0
7322,0
7321,0
7320,0
7319,0
7318,0
7317,0
7316,0
7315,0
7314,0
7313,0
7312,0
7311,0
7310,0
7309,0
7308,0
7307,0
7306,0
7305,0
7304,0
7303,0
7302,0
7301,0
7300,0
7299,0
7298,0
7297,0
7296,0
7295,0
7294,0
7293,0
7292,0
7291,0
7290,0
7289,0
7288,0
7287,0
7286,0
7285,0
7284,0
7283,0
7282,0
7281,0
7280,0
7279,0
7278,0
7277,0
7276,0
7275,0
7274,0
7273,0
7272,0
7271,0
7270,0
7269,0
7268,0
7267,0
7266,0
7265,0
7264,0
7263,0
7262,0
7261,0
7260,0
7259,0
7258,0
7257,0
7256,0
7255,0
7254,0
7253,0
7252,6
7251,10
7250,10
7249,10
7248,10
7247,10
7246,10
7245,10
7244,0
7243,0
7242,0
7241,0
7240,0
7239,0
7238,0
7237,0
7236,0
7235,0
7234,0
7233,0
7232,0
7231,2
7230,0
7229,0
7228,10
7227,0
7226,0
7225,0
7224,0
7223,0
7222,0
7221,0
7220,0
7219,0
7218,0
7217,0
7216,0
7215,0
7214,0
7213,0
7212,0
7211,0
7210,0
7209,0
7208,0
7207,0
7206,0
7205,0
7204,0
7203,0
7202,0
7201,0
7200,10
7199,10
7198,0
7197,0
7196,0
7195,0
7194,9
7193,10
7192,0
7191,0
7190,0
7189,0
7188,0
7187,0
7186,0
7185,0
7184,0
7183,6
7182,3
7181,4
7180,0
7179,0
7178,0
7177,0
7176,0
7175,0
7174,0
7173,0
7172,0
7171,0
7170,0
7169,0
7168,0
7167,0
7166,0
7165,0
7164,0
7163,0
7162,0
7161,0
7160,0
7159,0
7158,0
7157,0
7156,0
7155,0
7154,0
7153,0
7152,0
7151,10
7150,0
7149,0
7148,0
7147,0
7146,0
7145,0
7144,0
7143,0
7142,0
7141,0
7140,0
7139,0
7138,0
7137,0
7136,0
7135,0
7134,0
7133,0
7132,0
7131,0
7130,0
7129,0
7128,0
7127,0
7126,0
7125,0
7124,0
7123,0
7122,0
7121,0
7120,0
7119,0
7118,0
7117,0
7116,0
7115,0
7114,0
7113,0
7112,0
7111,0
7110,0
7109,0
7108,0
7107,0
7106,0
7105,0
7104,7
7103,10
7102,10
7101,10
7100,10
7099,10
7098,10
7097,10
7096,0
7095,0
7094,0
7093,0
7092,0
7091,0
7090,1
7089,0
7088,10
7087,0
7086,0
7085,0
7084,0
7083,0
7082,0
7081,0
7080,0
7079,0
7078,0
7077,0
7076,0
7075,10
7074,0
7073,0
7072,0
7071,0
7070,0
7069,0
7068,0
7067,0
7066,0
7065,0
7064,0
7063,0
7062,0
7061,0
7060,0
7059,0
7058,0
7057,0
7056,0
7055,0
7054,0
7053,0
7052,0
7051,0
7050,0
7049,0
7048,0
7047,0
7046,0
7045,0
7044,0
7043,0
7042,0
7041,7
7040,3
7039,7
7038,6
7037,5
7036,0
7035,0
7034,0
7033,0
7032,0
7031,0
7030,0
7029,0
7028,0
7027,0
7026,0
7025,0
7024,0
7023,0
7022,0
7021,0
7020,0
7019,0
7018,0
7017,0
7016,0
7015,0
7014,0
7013,0
7012,0
7011,0
7010,10
7009,10
7008,0
7007,0
7006,0
7005,0
7004,0
7003,0
7002,0
7001,0
7000,0
6999,0
6998,0
6997,0
6996,0
6995,0
6994,0
6993,0
6992,0
6991,0
6990,0
6989,0
6988,0
6987,0
6986,0
6985,0
6984,0
6983,0
6982,0
6981,0
6980,0
6979,0
6978,0
6977,0
6976,0
6975,0
6974,0
6973,0
6972,0
6971,0
6970,0
6969,0
6968,0
6967,0
6966,0
6965,0
6964,0
6963,0
6962,0
6961,0
6960,0
6959,0
6958,0
6957,0
6956,10
6955,10
6954,0
6953,0
6952,0
6951,0
6950,0
6949,0
6948,0
6947,0
6946,6
6945,10
6944,0
6943,0
6942,0
6941,0
6940,0
6939,0
6938,0
6937,0
6936,0
6935,0
6934,0
6933,10
6932,10
6931,0
6930,0
6929,0
6928,0
6927,0
6926,0
6925,0
6924,0
6923,0
6922,0
6921,0
6920,0
6919,0
6918,7
6917,0
6916,0
6915,0
6914,0
6913,0
6912,0
6911,0
6910,0
6909,0
6908,0
6907,0
6906,0
6905,0
6904,0
6903,0
6902,0
6901,0
6900,0
6899,0
6898,6
6897,4
6896,4
6895,6
6894,9
6893,0
6892,0
6891,0
6890,0
6889,0
6888,0
6887,0
6886,0
6885,0
6884,0
6883,0
6882,0
6881,0
6880,0
6879,0
6878,0
6877,0
6876,0
6875,0
6874,0
6873,0
6872,0
6871,0
6870,0
6869,0
6868,0
6867,0
6866,0
6865,0
6864,0
6863,0
6862,0
6861,0
6860,0
6859,0
6858,0
6857,0
6856,0
6855,0
6854,0
6853,0
6852,0
6851,0
6850,0
6849,0
6848,0
6847,0
6846,0
6845,0
6844,0
6843,0
6842,0
6841,0
6840,0
6839,0
6838,0
6837,0
6836,0
6835,0
6834,0
6833,0
6832,0
6831,0
6830,0
6829,0
6828,0
6827,0
6826,0
6825,0
6824,0
6823,0
6822,0
6821,0
6820,0
6819,0
6818,0
6817,0
6816,0
6815,0
6814,0
6813,10
6812,10
6811,0
6810,0
6809,0
6808,0
6807,0
6806,0
6805,0
6804,0
6803,0
6802,0
6801,0
6800,0
6799,0
6798,0
6797,0
6796,0
6795,0
6794,0
6793,0
6792,0
6791,0
6790,0
6789,0
6788,0
6787,0
6786,0
6785,0
6784,0
6783,0
6782,0
6781,0
6780,0
6779,0
6778,0
6777,0
6776,0
6775,10
6774,9
6773,0
6772,0
6771,0
6770,6
6769,8
6768,10
6767,5
6766,0
6765,0
6764,5
6763,5
6762,3
6761,8
6760,5
6759,0
6758,0
6757,0
6756,0
6755,0
6754,0
6753,0
6752,0
6751,0
6750,0
6749,0
6748,0
6747,0
6746,0
6745,0
6744,0
6743,0
6742,0
6741,0
6740,0
6739,0
6738,0
6737,0
6736,0
6735,0
6734,0
6733,0
6732,0
6731,0
6730,0
6729,0
6728,0
6727,0
6726,0
6725,0
6724,0
6723,0
6722,0
6721,0
6720,0
6719,0
6718,0
6717,0
6716,0
6715,0
6714,0
6713,0
6712,0
6711,0
6710,0
6709,0
6708,0
6707,0
6706,0
6705,0
6704,0
6703,0
6702,0
6701,0
6700,0
6699,0
6698,0
6697,0
6696,0
6695,0
6694,0
6693,0
6692,0
6691,0
6690,0
6689,0
6688,0
6687,0
6686,0
6685,0
6684,0
6683,0
6682,0
6681,0
6680,0
6679,0
6678,0
6677,0
6676,0
6675,0
6674,0
6673,0
6672,0
6671,0
6670,0
6669,0
6668,0
6667,0
6666,0
6665,0
6664,0
6663,0
6662,0
6661,0
6660,0
6659,0
6658,0
6657,0
6656,0
6655,0
6654,0
6653,10
6652,9
6651,0
6650,0
6649,0
6648,0
6647,0
6646,0
6645,0
6644,0
6643,0
6642,0
6641,10
6640,8
6639,7
6638,0
6637,0
6636,5
6635,1
6634,0
6633,0
6632,0
6631,0
6630,0
6629,0
6628,5
6627,5
6626,4
6625,4
6624,4
6623,0
6622,0
6621,0
6620,0
6619,0
6618,0
6617,0
6616,0
6615,0
6614,0
6613,0
6612,0
6611,0
6610,0
6609,0
6608,0
6607,0
6606,0
6605,0
6604,0
6603,0
6602,0
6601,0
6600,0
6599,0
6598,0
6597,0
6596,0
6595,0
6594,0
6593,0
6592,0
6591,0
6590,0
6589,0
6588,0
6587,0
6586,0
6585,0
6584,0
6583,0
6582,0
6581,0
6580,0
6579,0
6578,0
6577,0
6576,0
6575,0
6574,0
6573,0
6572,0
6571,0
6570,0
6569,0
6568,0
6567,0
6566,0
6565,0
6564,0
6563,0
6562,0
6561,0
6560,0
6559,0
6558,0
6557,0
6556,0
6555,0
6554,0
6553,0
6552,0
6551,0
6550,0
6549,0
6548,0
6547,0
6546,0
6545,0
6544,0
6543,0
6542,0
6541,0
6540,0
6539,0
6538,0
6537,0
6536,0
6535,0
6534,0
6533,0
6532,0
6531,0
6530,0
6529,0
6528,0
6527,0
6526,0
6525,0
6524,0
6523,0
6522,0
6521,0
6520,0
6519,0
6518,0
6517,10
6516,10
6515,0
6514,0
6513,0
6512,0
6511,0
6510,0
6509,0
6508,0
6507,0
6506,0
6505,8
6504,10
6503,10
6502,0
6501,0
6500,0
6499,0
6498,0
6497,0
6496,7
6495,5
6494,5
6493,5
6492,3
6491,4
6490,7
6489,0
6488,0
6487,0
6486,0
6485,0
6484,0
6483,0
6482,0
6481,0
6480,0
6479,0
6478,0
6477,0
6476,0
6475,0
6474,0
6473,0
6472,0
6471,0
6470,0
6469,0
6468,0
6467,0
6466,0
6465,0
6464,0
6463,0
6462,0
6461,10
6460,10
6459,0
6458,0
6457,0
6456,0
6455,0
6454,0
6453,0
6452,0
6451,0
6450,0
6449,0
6448,0
6447,0
6446,0
6445,0
6444,0
6443,0
6442,0
6441,0
6440,0
6439,0
6438,0
6437,0
6436,0
6435,0
6434,0
6433,0
6432,0
6431,0
6430,0
6429,0
6428,0
6427,0
6426,0
6425,0
6424,0
6423,0
6422,0
6421,0
6420,0
6419,0
6418,0
6417,0
6416,0
6415,0
6414,0
6413,0
6412,0
6411,0
6410,0
6409,0
6408,0
6407,0
6406,0
6405,0
6404,0
6403,10
6402,10
6401,10
6400,6
6399,8
6398,8
6397,8
6396,10
6395,9
6394,6
6393,0
6392,0
6391,0
6390,0
6389,0
6388,0
6387,0
6386,0
6385,0
6384,0
6383,0
6382,0
6381,0
6380,0
6379,0
6378,0
6377,0
6376,0
6375,0
6374,0
6373,0
6372,0
6371,0
6370,0
6369,0
6368,0
6367,0
6366,0
6365,6
6364,6
6363,4
6362,8
6361,2
6360,4
6359,4
6358,0
6357,0
6356,0
6355,0
6354,0
6353,0
6352,0
6351,0
6350,0
6349,0
6348,0
6347,0
6346,0
6345,0
6344,0
6343,0
6342,0
6341,0
6340,0
6339,0
6338,0
6337,0
6336,0
6335,0
6334,0
6333,0
6332,3
6331,6
6330,10
6329,10
6328,0
6327,0
6326,0
6325,0
6324,0
6323,0
6322,0
6321,0
6320,0
6319,0
6318,0
6317,0
6316,0
6315,0
6314,0
6313,0
6312,0
6311,0
6310,0
6309,0
6308,0
6307,0
6306,0
6305,0
6304,0
6303,0
6302,0
6301,0
6300,0
6299,0
6298,0
6297,0
6296,0
6295,0
6294,0
6293,0
6292,0
6291,0
6290,0
6289,0
6288,0
6287,0
6286,0
6285,0
6284,0
6283,0
6282,0
6281,0
6280,0
6279,0
6278,0
6277,0
6276,0
6275,0
6274,0
6273,0
6272,7
6271,8
6270,6
6269,9
6268,7
6267,8
6266,8
6265,9
6264,8
6263,7
6262,0
6261,0
6260,0
6259,0
6258,0
6257,0
6256,0
6255,0
6254,0
6253,0
6252,0
6251,0
6250,0
6249,0
6248,0
6247,0
6246,10
6245,10
6244,0
6243,0
6242,0
6241,0
6240,4
6239,0
6238,0
6237,0
6236,0
6235,5
6234,3
6233,0
6232,0
6231,0
6230,0
6229,0
6228,0
6227,0
6226,0
6225,0
6224,0
6223,0
6222,0
6221,0
6220,0
6219,0
6218,0
6217,0
6216,0
6215,0
6214,0
6213,0
6212,0
6211,0
6210,0
6209,0
6208,0
6207,0
6206,0
6205,0
6204,0
6203,0
6202,0
6201,0
6200,0
6199,0
6198,0
6197,0
6196,0
6195,0
6194,0
6193,0
6192,0
6191,0
6190,0
6189,0
6188,0
6187,0
6186,0
6185,0
6184,0
6183,0
6182,0
6181,0
6180,0
6179,0
6178,0
6177,0
6176,0
6175,0
6174,0
6173,0
6172,0
6171,0
6170,0
6169,0
6168,0
6167,0
6166,0
6165,0
6164,0
6163,0
6162,0
6161,10
6160,10
6159,10
6158,10
6157,0
6156,0
6155,0
6154,0
6153,0
6152,0
6151,0
6150,0
6149,0
6148,0
6147,0
6146,0
6145,0
6144,0
6143,7
6142,9
6141,10
6140,7
6139,9
6138,8
6137,8
6136,8
6135,7
6134,10
6133,9
6132,10
6131,8
6130,10
6129,0
6128,0
6127,0
6126,0
6125,0
6124,0
6123,10
6122,10
6121,10
6120,10
6119,10
6118,10
6117,10
6116,10
6115,0
6114,0
6113,0
6112,0
6111,0
6110,0
6109,7
6108,0
6107,0
6106,0
6105,0
6104,2
6103,4
6102,0
6101,0
6100,0
6099,0
6098,0
6097,0
6096,0
6095,0
6094,0
6093,0
6092,0
6091,0
6090,0
6089,0
6088,0
6087,0
6086,0
6085,0
6084,0
6083,0
6082,0
6081,0
6080,0
6079,0
6078,0
6077,2
6076,0
6075,0
6074,2
6073,0
6072,0
6071,0
6070,0
6069,0
6068,0
6067,0
6066,0
6065,0
6064,0
6063,0
6062,0
6061,0
6060,0
6059,0
6058,0
6057,0
6056,0
6055,0
6054,0
6053,0
6052,0
6051,0
6050,0
6049,0
6048,0
6047,0
6046,0
6045,0
6044,0
6043,0
6042,0
6041,0
6040,0
6039,0
6038,0
6037,0
6036,0
6035,0
6034,0
6033,0
6032,0
6031,0
6030,10
6029,10
6028,10
6027,10
6026,0
6025,0
6024,0
6023,0
6022,0
6021,0
6020,0
6019,0
6018,0
6017,0
6016,0
6015,0
6014,0
6013,0
6012,7
6011,10
6010,9
6009,9
6008,9
6007,9
6006,8
6005,6
6004,10
6003,9
6002,9
6001,9
6000,10
5999,10
5998,0
5997,0
5996,0
5995,0
5994,10
5993,10
5992,10
5991,10
5990,10
5989,10
5988,0
5987,10
5986,10
5985,10
5984,10
5983,10
5982,10
5981,0
5980,0
5979,0
5978,0
5977,0
5976,0
5975,0
5974,0
5973,0
5972,0
5971,0
5970,0
5969,7
5968,0
5967,0
5966,0
5965,7
5964,0
5963,0
5962,0
5961,0
5960,0
5959,0
5958,5
5957,6
5956,4
5955,4
5954,6
5953,2
5952,0
5951,0
5950,0
5949,0
5948,0
5947,0
5946,0
5945,0
5944,0
5943,0
5942,0
5941,0
5940,0
5939,0
5938,0
5937,0
5936,0
5935,0
5934,0
5933,0
5932,5
5931,10
5930,3
5929,1
5928,10
5927,10
5926,0
5925,0
5924,0
5923,0
5922,0
5921,0
5920,0
5919,0
5918,0
5917,0
5916,0
5915,0
5914,0
5913,0
5912,0
5911,0
5910,0
5909,0
5908,0
5907,0
5906,0
5905,0
5904,0
5903,0
5902,0
5901,0
5900,0
5899,0
5898,0
5897,0
5896,0
5895,0
5894,0
5893,0
5892,0
5891,0
5890,0
5889,0
5888,10
5887,10
5886,10
5885,10
5884,10
5883,10
5882,10
5881,10
5880,10
5879,10
5878,0
5877,0
5876,0
5875,0
5874,0
5873,0
5872,0
5871,0
5870,0
5869,0
5868,0
5867,0
5866,0
5865,0
5864,9
5863,9
5862,7
5861,9
5860,7
5859,8
5858,7
5857,10
5856,10
5855,10
5854,10
5853,9
5852,0
5851,0
5850,0
5849,0
5848,10
5847,10
5846,10
5845,10
5844,0
5843,0
5842,0
5841,0
5840,0
5839,0
5838,0
5837,0
5836,0
5835,0
5834,0
5833,0
5832,10
5831,10
5830,10
5829,10
5828,10
5827,0
5826,0
5825,0
5824,9
5823,7
5822,0
5821,0
5820,0
5819,0
5818,0
5817,2
5816,0
5815,0
5814,0
5813,0
5812,0
5811,0
5810,5
5809,5
5808,5
5807,3
5806,4
5805,2
5804,0
5803,0
5802,0
5801,0
5800,0
5799,0
5798,0
5797,0
5796,0
5795,0
5794,0
5793,0
5792,0
5791,0
5790,0
5789,0
5788,0
5787,0
5786,3
5785,0
5784,1
5783,0
5782,0
5781,0
5780,10
5779,10
5778,0
5777,0
5776,0
5775,0
5774,0
5773,0
5772,0
5771,0
5770,0
5769,0
5768,0
5767,0
5766,0
5765,0
5764,0
5763,0
5762,0
5761,0
5760,0
5759,0
5758,0
5757,0
5756,0
5755,0
5754,0
5753,0
5752,0
5751,0
5750,0
5749,0
5748,0
5747,0
5746,0
5745,0
5744,0
5743,0
5742,0
5741,0
5740,10
5739,10
5738,10
5737,10
5736,10
5735,10
5734,10
5733,10
5732,10
5731,10
5730,0
5729,0
5728,0
5727,0
5726,0
5725,0
5724,0
5723,0
5722,0
5721,0
5720,0
5719,0
5718,0
5717,0
5716,8
5715,8
5714,9
5713,10
5712,9
5711,5
5710,10
5709,9
5708,10
5707,10
5706,10
5705,9
5704,0
5703,0
5702,0
5701,0
5700,10
5699,10
5698,10
5697,10
5696,0
5695,0
5694,0
5693,0
5692,0
5691,0
5690,0
5689,0
5688,0
5687,0
5686,0
5685,0
5684,10
5683,10
5682,10
5681,10
5680,10
5679,10
5678,0
5677,0
5676,0
5675,2
5674,0
5673,0
5672,0
5671,0
5670,0
5669,0
5668,4
5667,7
5666,4
5665,5
5664,5
5663,5
5662,5
5661,5
5660,5
5659,3
5658,0
5657,0
5656,0
5655,0
5654,0
5653,0
5652,0
5651,0
5650,0
5649,0
5648,0
5647,0
5646,0
5645,3
5644,1
5643,0
5642,0
5641,0
5640,10
5639,10
5638,10
5637,10
5636,10
5635,10
5634,0
5633,0
5632,0
5631,0
5630,0
5629,0
5628,0
5627,0
5626,0
5625,0
5624,0
5623,0
5622,0
5621,0
5620,0
5619,0
5618,0
5617,0
5616,0
5615,0
5614,0
5613,0
5612,0
5611,0
5610,0
5609,0
5608,0
5607,0
5606,0
5605,0
5604,0
5603,0
5602,0
5601,0
5600,10
5599,10
5598,10
5597,10
5596,10
5595,10
5594,10
5593,10
5592,10
5591,10
5590,10
5589,10
5588,10
5587,10
5586,0
5585,0
5584,0
5583,0
5582,0
5581,0
5580,0
5579,0
5578,0
5577,0
5576,0
5575,0
5574,10
5573,9
5572,9
5571,8
5570,10
5569,8
5568,9
5567,10
5566,10
5565,9
5564,8
5563,9
5562,0
5561,0
5560,0
5559,0
5558,0
5557,0
5556,0
5555,0
5554,0
5553,0
5552,0
5551,0
5550,0
5549,0
5548,0
5547,0
5546,0
5545,0
5544,0
5543,0
5542,8
5541,4
5540,10
5539,10
5538,10
5537,10
5536,4
5535,0
5534,0
5533,0
5532,0
5531,0
5530,0
5529,5
5528,5
5527,4
5526,4
5525,5
5524,5
5523,6
5522,4
5521,7
5520,3
5519,0
5518,0
5517,0
5516,0
5515,0
5514,0
5513,0
5512,0
5511,0
5510,0
5509,0
5508,0
5507,0
5506,0
5505,0
5504,0
5503,0
5502,0
5501,10
5500,10
5499,10
5498,10
5497,10
5496,10
5495,0
5494,0
5493,0
5492,0
5491,0
5490,0
5489,0
5488,0
5487,0
5486,0
5485,0
5484,0
5483,0
5482,0
5481,0
5480,0
5479,0
5478,0
5477,0
5476,0
5475,0
5474,0
5473,0
5472,0
5471,0
5470,0
5469,0
5468,0
5467,0
5466,0
5465,0
5464,0
5463,0
5462,0
5461,10
5460,10
5459,10
5458,10
5457,10
5456,10
5455,10
5454,10
5453,10
5452,10
5451,10
5450,10
5449,10
5448,10
5447,0
5446,0
5445,0
5444,0
5443,0
5442,0
5441,0
5440,0
5439,0
5438,0
5437,0
5436,0
5435,5
5434,10
5433,9
5432,10
5431,8
5430,9
5429,8
5428,10
5427,9
5426,10
5425,9
5424,10
5423,0
5422,0
5421,0
5420,0
5419,0
5418,0
5417,0
5416,0
5415,0
5414,0
5413,0
5412,0
5411,0
5410,0
5409,0
5408,0
5407,0
5406,0
5405,0
5404,0
5403,10
5402,7
5401,10
5400,10
5399,10
5398,0
5397,5
5396,6
5395,5
5394,7
5393,3
5392,6
5391,2
5390,3
5389,3
5388,6
5387,5
5386,6
5385,5
5384,3
5383,3
5382,4
5381,5
5380,0
5379,0
5378,0
5377,0
5376,0
5375,0
5374,0
5373,0
5372,0
5371,0
5370,0
5369,0
5368,0
5367,0
5366,0
5365,0
5364,10
5363,8
5362,4
5361,10
5360,6
5359,6
5358,6
5357,4
5356,0
5355,0
5354,0
5353,0
5352,0
5351,0
5350,0
5349,0
5348,0
5347,0
5346,0
5345,0
5344,0
5343,0
5342,0
5341,0
5340,0
5339,0
5338,0
5337,0
5336,0
5335,0
5334,0
5333,0
5332,0
5331,0
5330,0
5329,0
5328,0
5327,0
5326,0
5325,0
5324,0
5323,0
5322,10
5321,10
5320,10
5319,10
5318,10
5317,10
5316,10
5315,10
5314,10
5313,10
5312,10
5311,10
5310,10
5309,10
5308,10
5307,10
5306,0
5305,0
5304,0
5303,0
5302,0
5301,0
5300,0
5299,0
5298,0
5297,0
5296,0
5295,0
5294,9
5293,9
5292,7
5291,7
5290,10
5289,10
5288,10
5287,10
5286,0
5285,0
5284,0
5283,0
5282,0
5281,0
5280,0
5279,0
5278,0
5277,0
5276,0
5275,0
5274,0
5273,0
5272,0
5271,0
5270,0
5269,0
5268,9
5267,10
5266,9
5265,9
5264,0
5263,0
5262,0
5261,0
5260,10
5259,7
5258,5
5257,3
5256,7
5255,5
5254,5
5253,5
5252,4
5251,6
5250,7
5249,4
5248,4
5247,4
5246,2
5245,4
5244,7
5243,8
5242,0
5241,0
5240,0
5239,0
5238,0
5237,0
5236,0
5235,0
5234,0
5233,0
5232,0
5231,0
5230,0
5229,0
5228,0
5227,0
5226,0
5225,0
5224,0
5223,0
5222,4
5221,5
5220,9
5219,7
5218,0
5217,0
5216,0
5215,0
5214,0
5213,0
5212,0
5211,0
5210,0
5209,0
5208,0
5207,0
5206,0
5205,0
5204,0
5203,0
5202,0
5201,0
5200,0
5199,0
5198,0
5197,0
5196,0
5195,0
5194,0
5193,0
5192,0
5191,0
5190,0
5189,0
5188,0
5187,0
5186,0
5185,0
5184,10
5183,10
5182,10
5181,10
5180,10
5179,10
5178,10
5177,10
5176,10
5175,10
5174,10
5173,10
5172,10
5171,10
5170,10
5169,10
5168,0
5167,0
5166,0
5165,0
5164,0
5163,0
5162,0
5161,0
5160,0
5159,0
5158,0
5157,0
5156,7
5155,4
5154,9
5153,9
5152,6
5151,7
5150,9
5149,9
5148,0
5147,0
5146,0
5145,0
5144,0
5143,0
5142,0
5141,0
5140,0
5139,0
5138,0
5137,0
5136,0
5135,0
5134,0
5133,0
5132,0
5131,0
5130,8
5129,6
5128,8
5127,10
5126,0
5125,0
5124,0
5123,0
5122,10
5121,0
5120,5
5119,6
5118,6
5117,3
5116,7
5115,5
5114,7
5113,4
5112,4
5111,5
5110,6
5109,4
5108,4
5107,2
5106,3
5105,2
5104,3
5103,3
5102,6
5101,0
5100,0
5099,0
5098,0
5097,0
5096,0
5095,0
5094,0
5093,0
5092,0
5091,0
5090,0
5089,0
5088,0
5087,0
5086,0
5085,0
5084,0
5083,6
5082,6
5081,5
5080,0
5079,10
5078,10
5077,0
5076,0
5075,0
5074,0
5073,0
5072,0
5071,0
5070,0
5069,0
5068,0
5067,0
5066,0
5065,0
5064,0
5063,0
5062,0
5061,0
5060,0
5059,0
5058,0
5057,0
5056,0
5055,0
5054,0
5053,0
5052,0
5051,0
5050,0
5049,0
5048,0
5047,0
5046,0
5045,10
5044,10
5043,10
5042,10
5041,10
5040,10
5039,10
5038,10
5037,10
5036,10
5035,10
5034,10
5033,10
5032,10
5031,10
5030,10
5029,0
5028,0
5027,0
5026,0
5025,0
5024,0
5023,0
5022,0
5021,0
5020,0
5019,0
5018,0
5017,9
5016,9
5015,10
5014,9
5013,8
5012,9
5011,9
5010,6
5009,0
5008,0
5007,0
5006,0
5005,0
5004,0
5003,0
5002,0
5001,0
5000,0
4999,0
4998,0
4997,0
4996,0
4995,0
4994,10
4993,0
4992,0
4991,1
4990,0
4989,0
4988,0
4987,0
4986,0
4985,0
4984,0
4983,0
4982,0
4981,0
4980,5
4979,5
4978,3
4977,5
4976,3
4975,7
4974,4
4973,5
4972,4
4971,6
4970,5
4969,7
4968,4
4967,2
4966,6
4965,3
4964,4
4963,1
4962,6
4961,0
4960,0
4959,0
4958,0
4957,0
4956,0
4955,0
4954,0
4953,0
4952,0
4951,0
4950,0
4949,0
4948,0
4947,0
4946,0
4945,0
4944,0
4943,5
4942,0
4941,0
4940,0
4939,10
4938,10
4937,0
4936,0
4935,0
4934,0
4933,0
4932,0
4931,0
4930,0
4929,0
4928,0
4927,0
4926,0
4925,0
4924,0
4923,0
4922,0
4921,0
4920,0
4919,0
4918,0
4917,0
4916,0
4915,0
4914,0
4913,0
4912,0
4911,0
4910,0
4909,0
4908,0
4907,0
4906,0
4905,10
4904,10
4903,10
4902,10
4901,10
4900,10
4899,10
4898,10
4897,10
4896,10
4895,10
4894,10
4893,10
4892,10
4891,10
4890,10
4889,0
4888,0
4887,0
4886,0
4885,0
4884,0
4883,0
4882,0
4881,0
4880,0
4879,0
4878,0
4877,7
4876,9
4875,9
4874,9
4873,10
4872,8
4871,6
4870,10
4869,0
4868,0
4867,0
4866,0
4865,0
4864,0
4863,0
4862,0
4861,0
4860,0
4859,0
4858,0
4857,0
4856,0
4855,0
4854,10
4853,0
4852,0
4851,0
4850,0
4849,0
4848,0
4847,0
4846,6
4845,7
4844,5
4843,7
4842,5
4841,6
4840,5
4839,2
4838,5
4837,4
4836,4
4835,5
4834,3
4833,3
4832,6
4831,4
4830,5
4829,4
4828,6
4827,6
4826,2
4825,7
4824,4
4823,0
4822,0
4821,0
4820,0
4819,0
4818,0
4817,0
4816,0
4815,0
4814,0
4813,0
4812,0
4811,0
4810,0
4809,0
4808,0
4807,0
4806,0
4805,10
4804,10
4803,10
4802,10
4801,10
4800,10
4799,10
4798,10
4797,0
4796,0
4795,0
4794,0
4793,0
4792,0
4791,0
4790,0
4789,0
4788,0
4787,0
4786,0
4785,0
4784,0
4783,0
4782,0
4781,0
4780,0
4779,0
4778,0
4777,0
4776,0
4775,0
4774,0
4773,0
4772,0
4771,10
4770,10
4769,10
4768,10
4767,10
4766,10
4765,0
4764,0
4763,0
4762,0
4761,0
4760,0
4759,10
4758,10
4757,10
4756,10
4755,10
4754,10
4753,0
4752,0
4751,0
4750,0
4749,0
4748,0
4747,0
4746,0
4745,10
4744,8
4743,9
4742,9
4741,9
4740,9
4739,7
4738,7
4737,10
4736,10
4735,10
4734,10
4733,10
4732,10
4731,0
4730,0
4729,0
4728,0
4727,0
4726,0
4725,0
4724,0
4723,0
4722,0
4721,10
4720,0
4719,0
4718,0
4717,0
4716,0
4715,0
4714,0
4713,0
4712,0
4711,0
4710,0
4709,0
4708,0
4707,3
4706,3
4705,3
4704,4
4703,3
4702,4
4701,5
4700,1
4699,6
4698,6
4697,4
4696,5
4695,5
4694,5
4693,3
4692,5
4691,3
4690,3
4689,7
4688,1
4687,3
4686,5
4685,2
4684,0
4683,0
4682,0
4681,0
4680,0
4679,0
4678,0
4677,0
4676,0
4675,0
4674,0
4673,0
4672,0
4671,0
4670,0
4669,0
4668,0
4667,0
4666,10
4665,10
4664,10
4663,10
4662,10
4661,10
4660,10
4659,10
4658,0
4657,0
4656,0
4655,0
4654,0
4653,0
4652,0
4651,0
4650,0
4649,0
4648,0
4647,0
4646,0
4645,0
4644,0
4643,0
4642,0
4641,0
4640,0
4639,0
4638,0
4637,0
4636,0
4635,0
4634,0
4633,0
4632,10
4631,10
4630,10
4629,10
4628,10
4627,10
4626,0
4625,0
4624,0
4623,0
4622,0
4621,0
4620,10
4619,10
4618,10
4617,10
4616,10
4615,10
4614,0
4613,0
4612,0
4611,0
4610,0
4609,0
4608,0
4607,0
4606,10
4605,10
4604,8
4603,8
4602,9
4601,8
4600,10
4599,10
4598,10
4597,10
4596,10
4595,10
4594,10
4593,10
4592,0
4591,0
4590,0
4589,0
4588,0
4587,0
4586,0
4585,0
4584,0
4583,0
4582,0
4581,0
4580,0
4579,0
4578,0
4577,0
4576,0
4575,0
4574,0
4573,0
4572,0
4571,0
4570,0
4569,0
4568,5
4567,3
4566,3
4565,5
4564,5
4563,3
4562,5
4561,4
4560,4
4559,1
4558,5
4557,4
4556,4
4555,2
4554,5
4553,5
4552,4
4551,6
4550,6
4549,4
4548,5
4547,2
4546,5
4545,0
4544,0
4543,0
4542,0
4541,0
4540,0
4539,0
4538,0
4537,0
4536,0
4535,0
4534,0
4533,10
4532,10
4531,0
4530,0
4529,0
4528,0
4527,10
4526,10
4525,10
4524,10
4523,10
4522,10
4521,10
4520,10
4519,10
4518,10
4517,0
4516,0
4515,0
4514,0
4513,0
4512,0
4511,0
4510,0
4509,0
4508,0
4507,0
4506,0
4505,0
4504,0
4503,0
4502,0
4501,0
4500,0
4499,0
4498,0
4497,0
4496,0
4495,0
4494,0
4493,10
4492,10
4491,10
4490,10
4489,10
4488,10
4487,0
4486,0
4485,0
4484,0
4483,0
4482,0
4481,0
4480,0
4479,0
4478,0
4477,10
4476,10
4475,10
4474,10
4473,0
4472,0
4471,0
4470,0
4469,0
4468,0
4467,10
4466,6
4465,9
4464,5
4463,8
4462,7
4461,7
4460,10
4459,10
4458,10
4457,10
4456,10
4455,10
4454,10
4453,0
4452,0
4451,0
4450,0
4449,0
4448,0
4447,0
4446,0
4445,0
4444,0
4443,0
4442,0
4441,0
4440,10
4439,10
4438,0
4437,0
4436,0
4435,0
4434,0
4433,1
4432,0
4431,0
4430,7
4429,5
4428,5
4427,2
4426,5
4425,4
4424,4
4423,4
4422,4
4421,4
4420,0
4419,6
4418,5
4417,5
4416,4
4415,3
4414,6
4413,4
4412,2
4411,5
4410,6
4409,6
4408,5
4407,0
4406,0
4405,0
4404,0
4403,0
4402,0
4401,0
4400,0
4399,0
4398,0
4397,0
4396,0
4395,10
4394,10
4393,0
4392,0
4391,0
4390,0
4389,10
4388,10
4387,10
4386,10
4385,10
4384,10
4383,10
4382,10
4381,10
4380,10
4379,0
4378,0
4377,0
4376,0
4375,0
4374,0
4373,0
4372,0
4371,0
4370,0
4369,0
4368,0
4367,0
4366,0
4365,0
4364,0
4363,0
4362,0
4361,0
4360,0
4359,0
4358,0
4357,0
4356,0
4355,10
4354,10
4353,10
4352,10
4351,10
4350,10
4349,0
4348,0
4347,0
4346,0
4345,0
4344,0
4343,0
4342,0
4341,0
4340,0
4339,10
4338,10
4337,10
4336,10
4335,0
4334,0
4333,0
4332,0
4331,0
4330,0
4329,9
4328,8
4327,8
4326,8
4325,9
4324,7
4323,10
4322,10
4321,10
4320,10
4319,10
4318,10
4317,10
4316,10
4315,0
4314,0
4313,0
4312,0
4311,0
4310,0
4309,0
4308,0
4307,0
4306,0
4305,0
4304,0
4303,0
4302,10
4301,10
4300,10
4299,10
4298,0
4297,0
4296,8
4295,6
4294,0
4293,0
4292,4
4291,5
4290,4
4289,4
4288,4
4287,4
4286,6
4285,0
4284,0
4283,0
4282,0
4281,0
4280,0
4279,3
4278,8
4277,4
4276,7
4275,4
4274,5
4273,3
4272,4
4271,2
4270,4
4269,5
4268,6
4267,0
4266,0
4265,0
4264,0
4263,0
4262,0
4261,0
4260,0
4259,10
4258,10
4257,0
4256,0
4255,0
4254,0
4253,0
4252,0
4251,10
4250,10
4249,10
4248,10
4247,10
4246,10
4245,10
4244,10
4243,10
4242,10
4241,0
4240,0
4239,0
4238,0
4237,0
4236,0
4235,0
4234,0
4233,0
4232,0
4231,0
4230,0
4229,0
4228,0
4227,0
4226,0
4225,0
4224,0
4223,0
4222,0
4221,0
4220,0
4219,0
4218,0
4217,10
4216,10
4215,10
4214,10
4213,10
4212,10
4211,0
4210,0
4209,0
4208,0
4207,0
4206,0
4205,0
4204,0
4203,0
4202,0
4201,0
4200,0
4199,10
4198,10
4197,0
4196,0
4195,0
4194,0
4193,0
4192,0
4191,10
4190,8
4189,7
4188,9
4187,7
4186,6
4185,10
4184,10
4183,10
4182,10
4181,10
4180,10
4179,0
4178,0
4177,0
4176,0
4175,10
4174,10
4173,0
4172,0
4171,0
4170,0
4169,0
4168,0
4167,0
4166,0
4165,0
4164,10
4163,10
4162,10
4161,10
4160,10
4159,0
4158,0
4157,0
4156,10
4155,9
4154,7
4153,10
4152,5
4151,2
4150,5
4149,6
4148,3
4147,3
4146,4
4145,4
4144,7
4143,0
4142,0
4141,0
4140,0
4139,0
4138,0
4137,5
4136,6
4135,7
4134,3
4133,3
4132,6
4131,7
4130,7
4129,4
4128,5
4127,3
4126,7
4125,0
4124,0
4123,0
4122,0
4121,0
4120,0
4119,0
4118,0
4117,10
4116,10
4115,0
4114,0
4113,0
4112,0
4111,0
4110,0
4109,10
4108,10
4107,10
4106,10
4105,10
4104,10
4103,10
4102,10
4101,10
4100,10
4099,0
4098,0
4097,0
4096,0
4095,0
4094,0
4093,0
4092,0
4091,0
4090,0
4089,0
4088,0
4087,0
4086,0
4085,0
4084,0
4083,0
4082,0
4081,0
4080,0
4079,0
4078,0
4077,0
4076,0
4075,10
4074,10
4073,10
4072,10
4071,10
4070,10
4069,0
4068,0
4067,0
4066,0
4065,0
4064,0
4063,0
4062,0
4061,0
4060,0
4059,0
4058,0
4057,10
4056,10
4055,0
4054,0
4053,0
4052,0
4051,0
4050,0
4049,7
4048,6
4047,7
4046,8
4045,10
4044,7
4043,10
4042,10
4041,10
4040,10
4039,10
4038,10
4037,0
4036,0
4035,0
4034,0
4033,10
4032,10
4031,0
4030,0
4029,0
4028,0
4027,0
4026,0
4025,0
4024,0
4023,0
4022,0
4021,10
4020,10
4019,10
4018,10
4017,10
4016,10
4015,0
4014,8
4013,8
4012,9
4011,8
4010,10
4009,6
4008,3
4007,4
4006,3
4005,2
4004,5
4003,7
4002,0
4001,0
4000,0
3999,0
3998,0
3997,0
3996,4
3995,3
3994,5
3993,4
3992,8
3991,6
3990,7
3989,3
3988,5
3987,4
3986,1
3985,5
3984,2
3983,8
3982,0
3981,0
3980,0
3979,0
3978,0
3977,0
3976,0
3975,0
3974,0
3973,0
3972,0
3971,0
3970,0
3969,0
3968,10
3967,10
3966,10
3965,10
3964,10
3963,10
3962,10
3961,10
3960,10
3959,10
3958,10
3957,10
3956,0
3955,0
3954,0
3953,0
3952,0
3951,0
3950,0
3949,0
3948,0
3947,0
3946,0
3945,0
3944,0
3943,0
3942,0
3941,0
3940,0
3939,0
3938,0
3937,0
3936,0
3935,0
3934,10
3933,10
3932,10
3931,10
3930,10
3929,10
3928,10
3927,10
3926,0
3925,0
3924,0
3923,0
3922,0
3921,0
3920,0
3919,0
3918,0
3917,0
3916,0
3915,0
3914,0
3913,0
3912,0
3911,0
3910,0
3909,0
3908,8
3907,8
3906,7
3905,9
3904,10
3903,10
3902,10
3901,10
3900,10
3899,10
3898,10
3897,10
3896,0
3895,0
3894,0
3893,0
3892,10
3891,10
3890,10
3889,10
3888,0
3887,0
3886,0
3885,0
3884,0
3883,0
3882,0
3881,0
3880,0
3879,0
3878,10
3877,10
3876,0
3875,10
3874,0
3873,0
3872,0
3871,0
3870,0
3869,10
3868,10
3867,10
3866,10
3865,1
3864,2
3863,3
3862,1
3861,2
3860,5
3859,6
3858,0
3857,0
3856,0
3855,0
3854,0
3853,0
3852,4
3851,5
3850,4
3849,4
3848,3
3847,7
3846,5
3845,3
3844,4
3843,3
3842,5
3841,4
3840,5
3839,4
3838,0
3837,0
3836,0
3835,0
3834,0
3833,0
3832,0
3831,0
3830,0
3829,0
3828,0
3827,0
3826,0
3825,0
3824,10
3823,10
3822,10
3821,10
3820,10
3819,10
3818,10
3817,10
3816,10
3815,10
3814,10
3813,10
3812,0
3811,0
3810,0
3809,0
3808,0
3807,0
3806,0
3805,0
3804,0
3803,0
3802,0
3801,0
3800,0
3799,0
3798,0
3797,0
3796,0
3795,0
3794,0
3793,0
3792,0
3791,0
3790,10
3789,10
3788,10
3787,10
3786,10
3785,10
3784,10
3783,10
3782,0
3781,0
3780,0
3779,0
3778,0
3777,0
3776,0
3775,0
3774,0
3773,0
3772,0
3771,0
3770,0
3769,0
3768,0
3767,0
3766,0
3765,0
3764,9
3763,8
3762,10
3761,9
3760,8
3759,10
3758,10
3757,10
3756,10
3755,10
3754,10
3753,10
3752,0
3751,0
3750,0
3749,0
3748,10
3747,10
3746,10
3745,10
3744,0
3743,0
3742,0
3741,0
3740,0
3739,0
3738,0
3737,0
3736,0
3735,0
3734,0
3733,10
3732,0
3731,0
3730,0
3729,0
3728,0
3727,0
3726,10
3725,0
3724,0
3723,9
3722,10
3721,10
3720,4
3719,5
3718,4
3717,5
3716,2
3715,5
3714,4
3713,5
3712,4
3711,4
3710,5
3709,2
3708,5
3707,5
3706,4
3705,3
3704,3
3703,5
3702,6
3701,4
3700,6
3699,4
3698,6
3697,4
3696,4
3695,2
3694,6
3693,0
3692,0
3691,0
3690,0
3689,0
3688,0
3687,0
3686,0
3685,0
3684,0
3683,0
3682,0
3681,10
3680,10
3679,10
3678,10
3677,10
3676,10
3675,10
3674,10
3673,10
3672,10
3671,10
3670,10
3669,0
3668,0
3667,0
3666,0
3665,0
3664,0
3663,0
3662,0
3661,0
3660,0
3659,0
3658,0
3657,0
3656,0
3655,0
3654,0
3653,0
3652,0
3651,0
3650,0
3649,0
3648,0
3647,0
3646,0
3645,10
3644,10
3643,10
3642,10
3641,10
3640,10
3639,10
3638,10
3637,0
3636,0
3635,0
3634,0
3633,0
3632,0
3631,0
3630,0
3629,0
3628,0
3627,0
3626,0
3625,0
3624,0
3623,0
3622,0
3621,0
3620,0
3619,0
3618,0
3617,0
3616,0
3615,0
3614,0
3613,10
3612,10
3611,10
3610,10
3609,10
3608,10
3607,10
3606,10
3605,10
3604,10
3603,10
3602,10
3601,10
3600,10
3599,0
3598,0
3597,0
3596,0
3595,10
3594,10
3593,10
3592,10
3591,10
3590,10
3589,0
3588,0
3587,0
3586,0
3585,0
3584,0
3583,0
3582,0
3581,0
3580,0
3579,0
3578,0
3577,0
3576,0
3575,3
3574,4
3573,3
3572,4
3571,7
3570,5
3569,3
3568,4
3567,1
3566,6
3565,6
3564,2
3563,4
3562,5
3561,2
3560,4
3559,5
3558,2
3557,4
3556,5
3555,3
3554,7
3553,4
3552,6
3551,4
3550,2
3549,5
3548,0
3547,0
3546,0
3545,0
3544,0
3543,0
3542,0
3541,0
3540,0
3539,0
3538,0
3537,0
3536,10
3535,10
3534,10
3533,10
3532,10
3531,10
3530,10
3529,10
3528,10
3527,10
3526,10
3525,10
3524,0
3523,0
3522,0
3521,0
3520,0
3519,0
3518,0
3517,0
3516,0
3515,0
3514,0
3513,0
3512,0
3511,0
3510,0
3509,0
3508,0
3507,0
3506,0
3505,0
3504,0
3503,0
3502,0
3501,0
3500,10
3499,10
3498,10
3497,10
3496,10
3495,10
3494,10
3493,10
3492,0
3491,0
3490,0
3489,0
3488,0
3487,0
3486,0
3485,0
3484,0
3483,0
3482,0
3481,0
3480,0
3479,0
3478,0
3477,0
3476,0
3475,0
3474,0
3473,0
3472,0
3471,0
3470,0
3469,0
3468,10
3467,10
3466,10
3465,10
3464,10
3463,10
3462,10
3461,10
3460,10
3459,10
3458,10
3457,10
3456,10
3455,10
3454,0
3453,0
3452,0
3451,0
3450,10
3449,10
3448,10
3447,10
3446,10
3445,10
3444,0
3443,0
3442,0
3441,0
3440,0
3439,0
3438,0
3437,0
3436,0
3435,10
3434,0
3433,0
3432,0
3431,0
3430,0
3429,0
3428,0
3427,0
3426,6
3425,8
3424,1
3423,7
3422,5
3421,3
3420,5
3419,2
3418,2
3417,4
3416,2
3415,6
3414,5
3413,6
3412,5
3411,9
3410,5
3409,2
3408,7
3407,5
3406,7
3405,7
3404,3
3403,5
3402,4
3401,3
3400,3
3399,0
3398,0
3397,0
3396,0
3395,0
3394,0
3393,0
3392,0
3391,0
3390,0
3389,10
3388,10
3387,10
3386,10
3385,10
3384,10
3383,10
3382,10
3381,10
3380,10
3379,10
3378,10
3377,0
3376,0
3375,0
3374,0
3373,0
3372,0
3371,0
3370,0
3369,0
3368,0
3367,0
3366,0
3365,0
3364,0
3363,0
3362,0
3361,0
3360,0
3359,0
3358,0
3357,0
3356,0
3355,0
3354,0
3353,0
3352,0
3351,10
3350,10
3349,10
3348,10
3347,10
3346,10
3345,0
3344,0
3343,0
3342,0
3341,0
3340,0
3339,0
3338,0
3337,0
3336,0
3335,0
3334,0
3333,0
3332,0
3331,0
3330,0
3329,0
3328,0
3327,0
3326,0
3325,0
3324,0
3323,0
3322,0
3321,0
3320,0
3319,10
3318,10
3317,10
3316,10
3315,10
3314,10
3313,10
3312,10
3311,10
3310,10
3309,10
3308,10
3307,10
3306,10
3305,0
3304,0
3303,0
3302,0
3301,0
3300,0
3299,0
3298,0
3297,0
3296,0
3295,10
3294,10
3293,10
3292,10
3291,0
3290,0
3289,0
3288,0
3287,0
3286,0
3285,0
3284,0
3283,0
3282,0
3281,0
3280,0
3279,0
3278,0
3277,8
3276,4
3275,5
3274,4
3273,2
3272,2
3271,4
3270,7
3269,5
3268,7
3267,6
3266,4
3265,3
3264,8
3263,4
3262,5
3261,5
3260,3
3259,5
3258,5
3257,3
3256,3
3255,4
3254,6
3253,5
3252,4
3251,5
3250,0
3249,0
3248,0
3247,0
3246,0
3245,0
3244,0
3243,0
3242,0
3241,0
3240,10
3239,10
3238,10
3237,10
3236,10
3235,10
3234,10
3233,10
3232,10
3231,10
3230,10
3229,10
3228,0
3227,0
3226,0
3225,0
3224,0
3223,0
3222,0
3221,0
3220,0
3219,0
3218,0
3217,0
3216,0
3215,0
3214,0
3213,0
3212,0
3211,0
3210,0
3209,0
3208,0
3207,0
3206,0
3205,0
3204,0
3203,0
3202,10
3201,10
3200,10
3199,10
3198,10
3197,10
3196,0
3195,0
3194,0
3193,0
3192,0
3191,0
3190,0
3189,0
3188,0
3187,0
3186,0
3185,0
3184,0
3183,0
3182,0
3181,0
3180,0
3179,0
3178,0
3177,0
3176,0
3175,0
3174,0
3173,0
3172,0
3171,0
3170,10
3169,10
3168,10
3167,10
3166,10
3165,10
3164,10
3163,10
3162,10
3161,10
3160,10
3159,10
3158,10
3157,10
3156,0
3155,0
3154,0
3153,0
3152,0
3151,0
3150,0
3149,0
3148,0
3147,0
3146,10
3145,10
3144,10
3143,10
3142,0
3141,0
3140,0
3139,0
3138,0
3137,0
3136,0
3135,0
3134,0
3133,0
3132,0
3131,0
3130,0
3129,5
3128,5
3127,5
3126,5
3125,5
3124,6
3123,5
3122,3
3121,5
3120,5
3119,7
3118,3
3117,8
3116,4
3115,7
3114,5
3113,4
3112,5
3111,7
3110,7
3109,5
3108,6
3107,5
3106,3
3105,7
3104,5
3103,4
3102,0
3101,0
3100,0
3099,0
3098,0
3097,0
3096,0
3095,0
3094,0
3093,0
3092,0
3091,0
3090,0
3089,0
3088,1
3087,0
3086,0
3085,0
3084,10
3083,10
3082,0
3081,0
3080,0
3079,0
3078,0
3077,0
3076,0
3075,0
3074,0
3073,0
3072,0
3071,0
3070,0
3069,0
3068,0
3067,0
3066,0
3065,0
3064,0
3063,0
3062,0
3061,0
3060,0
3059,0
3058,0
3057,0
3056,0
3055,0
3054,10
3053,10
3052,10
3051,10
3050,10
3049,10
3048,0
3047,0
3046,0
3045,0
3044,0
3043,0
3042,0
3041,0
3040,0
3039,0
3038,0
3037,0
3036,0
3035,0
3034,0
3033,0
3032,0
3031,0
3030,0
3029,0
3028,0
3027,0
3026,0
3025,0
3024,10
3023,10
3022,10
3021,10
3020,10
3019,10
3018,10
3017,10
3016,10
3015,10
3014,10
3013,10
3012,10
3011,10
3010,10
3009,10
3008,0
3007,0
3006,0
3005,0
3004,0
3003,0
3002,0
3001,0
3000,0
2999,0
2998,10
2997,10
2996,10
2995,10
2994,10
2993,10
2992,0
2991,0
2990,0
2989,0
2988,0
2987,0
2986,0
2985,0
2984,0
2983,0
2982,0
2981,0
2980,5
2979,4
2978,3
2977,5
2976,6
2975,4
2974,5
2973,7
2972,8
2971,7
2970,3
2969,4
2968,2
2967,5
2966,4
2965,2
2964,4
2963,4
2962,4
2961,8
2960,5
2959,3
2958,8
2957,5
2956,5
2955,7
2954,3
2953,0
2952,0
2951,0
2950,0
2949,0
2948,0
2947,0
2946,0
2945,0
2944,0
2943,0
2942,0
2941,0
2940,0
2939,2
2938,0
2937,0
2936,0
2935,10
2934,10
2933,0
2932,0
2931,0
2930,0
2929,0
2928,0
2927,0
2926,0
2925,0
2924,0
2923,0
2922,0
2921,0
2920,0
2919,0
2918,0
2917,0
2916,0
2915,0
2914,0
2913,0
2912,0
2911,0
2910,0
2909,0
2908,0
2907,0
2906,0
2905,10
2904,10
2903,10
2902,10
2901,10
2900,10
2899,0
2898,0
2897,0
2896,0
2895,0
2894,0
2893,0
2892,0
2891,0
2890,0
2889,0
2888,0
2887,0
2886,0
2885,0
2884,0
2883,0
2882,0
2881,0
2880,0
2879,0
2878,0
2877,0
2876,0
2875,10
2874,10
2873,10
2872,10
2871,10
2870,10
2869,10
2868,10
2867,10
2866,10
2865,10
2864,10
2863,10
2862,10
2861,10
2860,10
2859,0
2858,0
2857,0
2856,0
2855,0
2854,0
2853,0
2852,1
2851,0
2850,0
2849,10
2848,10
2847,10
2846,10
2845,10
2844,10
2843,0
2842,0
2841,0
2840,0
2839,0
2838,0
2837,0
2836,0
2835,0
2834,0
2833,0
2832,0
2831,3
2830,7
2829,1
2828,5
2827,6
2826,3
2825,5
2824,3
2823,6
2822,5
2821,4
2820,4
2819,5
2818,5
2817,4
2816,2
2815,6
2814,3
2813,1
2812,4
2811,8
2810,3
2809,4
2808,3
2807,3
2806,7
2805,3
2804,4
2803,4
2802,0
2801,0
2800,0
2799,0
2798,0
2797,0
2796,0
2795,0
2794,0
2793,0
2792,0
2791,0
2790,0
2789,0
2788,0
2787,0
2786,0
2785,0
2784,0
2783,0
2782,0
2781,0
2780,0
2779,0
2778,0
2777,0
2776,0
2775,0
2774,0
2773,0
2772,0
2771,0
2770,0
2769,0
2768,0
2767,0
2766,0
2765,0
2764,0
2763,0
2762,0
2761,0
2760,0
2759,0
2758,0
2757,0
2756,10
2755,10
2754,10
2753,10
2752,0
2751,0
2750,0
2749,0
2748,0
2747,0
2746,0
2745,0
2744,0
2743,0
2742,0
2741,0
2740,0
2739,0
2738,0
2737,0
2736,0
2735,0
2734,0
2733,0
2732,0
2731,0
2730,8
2729,10
2728,10
2727,10
2726,10
2725,10
2724,10
2723,10
2722,10
2721,10
2720,10
2719,10
2718,0
2717,0
2716,0
2715,0
2714,10
2713,10
2712,10
2711,10
2710,0
2709,0
2708,0
2707,0
2706,0
2705,0
2704,10
2703,10
2702,10
2701,10
2700,10
2699,10
2698,10
2697,10
2696,10
2695,10
2694,10
2693,10
2692,0
2691,0
2690,0
2689,0
2688,0
2687,0
2686,0
2685,0
2684,0
2683,0
2682,4
2681,7
2680,5
2679,5
2678,5
2677,1
2676,8
2675,7
2674,4
2673,3
2672,5
2671,5
2670,7
2669,4
2668,5
2667,6
2666,5
2665,6
2664,5
2663,3
2662,3
2661,7
2660,2
2659,6
2658,7
2657,2
2656,3
2655,1
2654,4
2653,0
2652,0
2651,0
2650,0
2649,0
2648,0
2647,0
2646,0
2645,0
2644,0
2643,0
2642,0
2641,0
2640,0
2639,0
2638,0
2637,0
2636,0
2635,0
2634,0
2633,0
2632,0
2631,0
2630,0
2629,0
2628,0
2627,0
2626,0
2625,0
2624,0
2623,0
2622,0
2621,0
2620,0
2619,0
2618,0
2617,0
2616,0
2615,0
2614,0
2613,0
2612,0
2611,0
2610,0
2609,0
2608,0
2607,10
2606,10
2605,10
2604,10
2603,0
2602,0
2601,0
2600,0
2599,0
2598,0
2597,0
2596,0
2595,0
2594,0
2593,0
2592,0
2591,0
2590,0
2589,0
2588,0
2587,0
2586,0
2585,0
2584,0
2583,0
2582,0
2581,10
2580,10
2579,10
2578,10
2577,10
2576,10
2575,10
2574,10
2573,10
2572,10
2571,10
2570,10
2569,0
2568,0
2567,0
2566,0
2565,10
2564,10
2563,10
2562,10
2561,0
2560,0
2559,0
2558,0
2557,0
2556,0
2555,10
2554,10
2553,10
2552,10
2551,10
2550,10
2549,10
2548,10
2547,10
2546,10
2545,10
2544,10
2543,0
2542,0
2541,0
2540,0
2539,0
2538,0
2537,0
2536,0
2535,0
2534,0
2533,3
2532,5
2531,6
2530,5
2529,6
2528,2
2527,6
2526,7
2525,5
2524,5
2523,5
2522,7
2521,6
2520,4
2519,6
2518,3
2517,7
2516,5
2515,2
2514,7
2513,5
2512,6
2511,5
2510,6
2509,3
2508,1
2507,2
2506,0
2505,0
2504,0
2503,0
2502,0
2501,0
2500,0
2499,0
2498,0
2497,0
2496,0
2495,0
2494,0
2493,0
2492,0
2491,0
2490,0
2489,0
2488,0
2487,0
2486,0
2485,0
2484,0
2483,0
2482,0
2481,0
2480,0
2479,0
2478,0
2477,0
2476,0
2475,0
2474,0
2473,0
2472,0
2471,0
2470,0
2469,0
2468,0
2467,0
2466,0
2465,0
2464,0
2463,0
2462,0
2461,0
2460,0
2459,0
2458,10
2457,10
2456,10
2455,10
2454,0
2453,0
2452,0
2451,0
2450,0
2449,0
2448,0
2447,0
2446,0
2445,0
2444,0
2443,0
2442,0
2441,0
2440,0
2439,0
2438,0
2437,0
2436,8
2435,10
2434,10
2433,7
2432,10
2431,10
2430,10
2429,10
2428,0
2427,0
2426,0
2425,0
2424,0
2423,0
2422,0
2421,0
2420,0
2419,0
2418,0
2417,0
2416,10
2415,10
2414,10
2413,10
2412,10
2411,10
2410,10
2409,10
2408,0
2407,0
2406,0
2405,0
2404,0
2403,0
2402,10
2401,10
2400,10
2399,10
2398,0
2397,0
2396,0
2395,0
2394,0
2393,0
2392,0
2391,0
2390,0
2389,0
2388,0
2387,0
2386,0
2385,0
2384,2
2383,6
2382,2
2381,3
2380,7
2379,4
2378,3
2377,5
2376,4
2375,6
2374,3
2373,6
2372,3
2371,7
2370,5
2369,5
2368,5
2367,3
2366,4
2365,2
2364,2
2363,6
2362,5
2361,7
2360,5
2359,6
2358,7
2357,0
2356,0
2355,0
2354,0
2353,0
2352,0
2351,0
2350,0
2349,0
2348,0
2347,0
2346,0
2345,0
2344,0
2343,0
2342,0
2341,0
2340,0
2339,0
2338,0
2337,0
2336,0
2335,0
2334,0
2333,0
2332,0
2331,0
2330,0
2329,0
2328,0
2327,0
2326,0
2325,0
2324,0
2323,0
2322,0
2321,0
2320,0
2319,0
2318,0
2317,0
2316,0
2315,0
2314,0
2313,0
2312,0
2311,0
2310,0
2309,10
2308,10
2307,10
2306,10
2305,0
2304,0
2303,0
2302,0
2301,0
2300,0
2299,0
2298,0
2297,0
2296,0
2295,0
2294,0
2293,0
2292,0
2291,0
2290,0
2289,0
2288,0
2287,10
2286,10
2285,10
2284,9
2283,9
2282,10
2281,10
2280,10
2279,0
2278,0
2277,0
2276,0
2275,0
2274,0
2273,0
2272,0
2271,0
2270,0
2269,0
2268,0
2267,10
2266,10
2265,10
2264,10
2263,10
2262,10
2261,10
2260,10
2259,0
2258,0
2257,0
2256,0
2255,0
2254,0
2253,10
2252,10
2251,10
2250,10
2249,0
2248,0
2247,0
2246,0
2245,0
2244,0
2243,0
2242,0
2241,0
2240,0
2239,0
2238,0
2237,0
2236,0
2235,2
2234,4
2233,4
2232,6
2231,4
2230,6
2229,5
2228,5
2227,6
2226,4
2225,4
2224,4
2223,4
2222,4
2221,7
2220,5
2219,5
2218,7
2217,6
2216,6
2215,4
2214,5
2213,3
2212,6
2211,5
2210,6
2209,2
2208,0
2207,0
2206,0
2205,0
2204,0
2203,0
2202,0
2201,0
2200,0
2199,0
2198,0
2197,0
2196,0
2195,0
2194,0
2193,0
2192,0
2191,0
2190,0
2189,0
2188,0
2187,0
2186,0
2185,0
2184,0
2183,0
2182,0
2181,0
2180,0
2179,0
2178,0
2177,0
2176,0
2175,0
2174,0
2173,0
2172,0
2171,0
2170,0
2169,0
2168,0
2167,0
2166,0
2165,0
2164,0
2163,0
2162,0
2161,0
2160,10
2159,10
2158,10
2157,10
2156,0
2155,0
2154,0
2153,0
2152,0
2151,0
2150,0
2149,0
2148,0
2147,0
2146,0
2145,0
2144,0
2143,0
2142,0
2141,0
2140,0
2139,0
2138,10
2137,10
2136,10
2135,10
2134,9
2133,10
2132,0
2131,0
2130,0
2129,0
2128,0
2127,0
2126,0
2125,0
2124,0
2123,0
2122,0
2121,0
2120,0
2119,0
2118,10
2117,10
2116,10
2115,10
2114,10
2113,10
2112,10
2111,10
2110,0
2109,0
2108,0
2107,0
2106,0
2105,0
2104,10
2103,10
2102,10
2101,10
2100,0
2099,0
2098,0
2097,0
2096,0
2095,0
2094,0
2093,0
2092,0
2091,0
2090,0
2089,0
2088,0
2087,0
2086,5
2085,5
2084,5
2083,4
2082,3
2081,4
2080,4
2079,2
2078,4
2077,7
2076,8
2075,6
2074,6
2073,2
2072,3
2071,4
2070,2
2069,6
2068,3
2067,4
2066,2
2065,4
2064,5
2063,6
2062,4
2061,4
2060,2
2059,0
2058,0
2057,0
2056,0
2055,0
2054,0
2053,0
2052,0
2051,0
2050,0
2049,0
2048,0
2047,0
2046,0
2045,0
2044,0
2043,0
2042,6
2041,0
2040,0
2039,0
2038,0
2037,0
2036,0
2035,0
2034,0
2033,0
2032,0
2031,0
2030,0
2029,0
2028,0
2027,0
2026,0
2025,0
2024,0
2023,0
2022,0
2021,0
2020,0
2019,0
2018,0
2017,0
2016,0
2015,0
2014,0
2013,0
2012,0
2011,10
2010,10
2009,10
2008,10
2007,0
2006,0
2005,0
2004,0
2003,0
2002,0
2001,0
2000,0
1999,0
1998,0
1997,0
1996,0
1995,0
1994,0
1993,0
1992,0
1991,0
1990,0
1989,9
1988,8
1987,9
1986,9
1985,10
1984,10
1983,0
1982,0
1981,0
1980,0
1979,0
1978,0
1977,0
1976,0
1975,0
1974,0
1973,0
1972,0
1971,0
1970,0
1969,10
1968,10
1967,10
1966,10
1965,10
1964,10
1963,10
1962,10
1961,0
1960,0
1959,0
1958,0
1957,0
1956,0
1955,10
1954,10
1953,10
1952,10
1951,0
1950,0
1949,0
1948,0
1947,0
1946,0
1945,0
1944,0
1943,0
1942,0
1941,0
1940,0
1939,0
1938,0
1937,5
1936,5
1935,4
1934,3
1933,5
1932,3
1931,4
1930,5
1929,5
1928,2
1927,4
1926,6
1925,2
1924,3
1923,4
1922,3
1921,3
1920,5
1919,5
1918,8
1917,4
1916,5
1915,5
1914,7
1913,5
1912,7
1911,5
1910,7
1909,4
1908,5
1907,4
1906,0
1905,0
1904,0
1903,0
1902,0
1901,0
1900,0
1899,0
1898,0
1897,0
1896,0
1895,0
1894,7
1893,0
1892,0
1891,0
1890,0
1889,0
1888,0
1887,0
1886,0
1885,0
1884,10
1883,10
1882,0
1881,0
1880,0
1879,0
1878,0
1877,0
1876,0
1875,0
1874,0
1873,0
1872,0
1871,0
1870,0
1869,0
1868,0
1867,0
1866,0
1865,0
1864,0
1863,0
1862,10
1861,10
1860,10
1859,10
1858,0
1857,0
1856,0
1855,0
1854,0
1853,0
1852,0
1851,0
1850,0
1849,0
1848,0
1847,0
1846,0
1845,0
1844,0
1843,0
1842,0
1841,0
1840,0
1839,0
1838,0
1837,0
1836,0
1835,0
1834,0
1833,0
1832,0
1831,0
1830,0
1829,0
1828,0
1827,0
1826,0
1825,0
1824,0
1823,0
1822,10
1821,10
1820,10
1819,10
1818,10
1817,10
1816,10
1815,10
1814,10
1813,10
1812,10
1811,10
1810,0
1809,0
1808,0
1807,0
1806,10
1805,10
1804,10
1803,10
1802,10
1801,10
1800,0
1799,0
1798,0
1797,0
1796,0
1795,0
1794,0
1793,0
1792,0
1791,0
1790,0
1789,0
1788,5
1787,1
1786,2
1785,3
1784,3
1783,5
1782,4
1781,3
1780,5
1779,8
1778,4
1777,3
1776,9
1775,3
1774,5
1773,4
1772,3
1771,5
1770,6
1769,6
1768,5
1767,4
1766,4
1765,5
1764,4
1763,5
1762,6
1761,7
1760,5
1759,4
1758,3
1757,0
1756,0
1755,0
1754,0
1753,0
1752,0
1751,0
1750,0
1749,0
1748,0
1747,0
1746,0
1745,8
1744,0
1743,0
1742,0
1741,0
1740,0
1739,0
1738,0
1737,0
1736,0
1735,10
1734,10
1733,0
1732,0
1731,0
1730,0
1729,0
1728,0
1727,0
1726,0
1725,0
1724,0
1723,0
1722,0
1721,0
1720,0
1719,0
1718,0
1717,0
1716,0
1715,0
1714,0
1713,10
1712,10
1711,10
1710,10
1709,0
1708,0
1707,0
1706,0
1705,0
1704,0
1703,0
1702,0
1701,0
1700,0
1699,0
1698,0
1697,0
1696,0
1695,0
1694,0
1693,0
1692,0
1691,0
1690,0
1689,0
1688,0
1687,0
1686,0
1685,0
1684,0
1683,0
1682,0
1681,0
1680,0
1679,0
1678,0
1677,0
1676,0
1675,0
1674,0
1673,10
1672,10
1671,10
1670,10
1669,10
1668,10
1667,10
1666,10
1665,10
1664,10
1663,10
1662,10
1661,0
1660,0
1659,0
1658,0
1657,10
1656,10
1655,10
1654,10
1653,10
1652,10
1651,0
1650,0
1649,0
1648,0
1647,0
1646,0
1645,0
1644,0
1643,0
1642,0
1641,0
1640,0
1639,6
1638,7
1637,7
1636,6
1635,5
1634,5
1633,4
1632,4
1631,3
1630,4
1629,4
1628,3
1627,6
1626,4
1625,4
1624,5
1623,6
1622,7
1621,5
1620,6
1619,5
1618,4
1617,2
1616,2
1615,4
1614,5
1613,4
1612,3
1611,4
1610,5
1609,7
1608,0
1607,0
1606,0
1605,0
1604,0
1603,0
1602,0
1601,0
1600,0
1599,0
1598,9
1597,0
1596,0
1595,0
1594,0
1593,0
1592,0
1591,0
1590,0
1589,0
1588,0
1587,0
1586,0
1585,0
1584,0
1583,0
1582,0
1581,0
1580,0
1579,0
1578,0
1577,0
1576,0
1575,0
1574,0
1573,0
1572,0
1571,0
1570,10
1569,10
1568,10
1567,10
1566,10
1565,10
1564,10
1563,10
1562,10
1561,10
1560,0
1559,0
1558,0
1557,0
1556,0
1555,0
1554,0
1553,0
1552,0
1551,0
1550,0
1549,0
1548,0
1547,0
1546,0
1545,0
1544,0
1543,0
1542,0
1541,0
1540,0
1539,0
1538,0
1537,0
1536,0
1535,0
1534,0
1533,0
1532,10
1531,10
1530,0
1529,0
1528,0
1527,0
1526,10
1525,10
1524,10
1523,10
1522,0
1521,0
1520,0
1519,0
1518,10
1517,10
1516,10
1515,10
1514,10
1513,10
1512,0
1511,0
1510,0
1509,0
1508,10
1507,10
1506,10
1505,10
1504,10
1503,10
1502,10
1501,10
1500,10
1499,10
1498,0
1497,0
1496,0
1495,0
1494,10
1493,10
1492,0
1491,0
1490,3
1489,3
1488,6
1487,5
1486,7
1485,2
1484,4
1483,6
1482,5
1481,3
1480,3
1479,1
1478,4
1477,3
1476,4
1475,3
1474,6
1473,7
1472,3
1471,6
1470,6
1469,5
1468,5
1467,4
1466,6
1465,3
1464,4
1463,2
1462,4
1461,7
1460,3
1459,0
1458,0
1457,0
1456,0
1455,0
1454,0
1453,0
1452,0
1451,0
1450,0
1449,0
1448,0
1447,0
1446,0
1445,0
1444,0
1443,0
1442,0
1441,0
1440,0
1439,0
1438,0
1437,0
1436,0
1435,0
1434,0
1433,0
1432,0
1431,0
1430,0
1429,0
1428,0
1427,0
1426,0
1425,0
1424,0
1423,0
1422,0
1421,10
1420,10
1419,10
1418,10
1417,10
1416,10
1415,10
1414,10
1413,10
1412,10
1411,0
1410,0
1409,0
1408,0
1407,0
1406,0
1405,0
1404,0
1403,0
1402,0
1401,0
1400,0
1399,0
1398,0
1397,0
1396,0
1395,0
1394,0
1393,0
1392,0
1391,0
1390,0
1389,0
1388,0
1387,0
1386,0
1385,0
1384,0
1383,10
1382,10
1381,0
1380,0
1379,0
1378,0
1377,10
1376,10
1375,10
1374,10
1373,0
1372,0
1371,0
1370,0
1369,10
1368,10
1367,10
1366,10
1365,10
1364,10
1363,0
1362,0
1361,0
1360,0
1359,10
1358,10
1357,10
1356,10
1355,10
1354,10
1353,10
1352,10
1351,10
1350,10
1349,0
1348,0
1347,0
1346,0
1345,10
1344,10
1343,0
1342,0
1341,2
1340,6
1339,4
1338,4
1337,3
1336,4
1335,5
1334,2
1333,5
1332,3
1331,3
1330,5
1329,3
1328,3
1327,4
1326,5
1325,4
1324,3
1323,3
1322,4
1321,5
1320,6
1319,5
1318,5
1317,2
1316,4
1315,5
1314,0
1313,0
1312,0
1311,0
1310,4
1309,5
1308,4
1307,7
1306,0
1305,0
1304,0
1303,0
1302,0
1301,0
1300,0
1299,0
1298,0
1297,0
1296,0
1295,0
1294,0
1293,0
1292,0
1291,0
1290,0
1289,0
1288,0
1287,0
1286,0
1285,0
1284,0
1283,0
1282,0
1281,0
1280,10
1279,10
1278,0
1277,0
1276,0
1275,0
1274,0
1273,0
1272,10
1271,10
1270,10
1269,10
1268,10
1267,10
1266,0
1265,0
1264,0
1263,0
1262,0
1261,0
1260,0
1259,0
1258,0
1257,0
1256,0
1255,0
1254,0
1253,0
1252,0
1251,0
1250,0
1249,0
1248,0
1247,0
1246,0
1245,0
1244,0
1243,0
1242,0
1241,0
1240,0
1239,0
1238,0
1237,0
1236,0
1235,0
1234,0
1233,0
1232,0
1231,0
1230,0
1229,0
1228,0
1227,0
1226,10
1225,10
1224,0
1223,0
1222,0
1221,0
1220,10
1219,10
1218,10
1217,10
1216,10
1215,10
1214,10
1213,10
1212,10
1211,10
1210,10
1209,10
1208,10
1207,10
1206,10
1205,10
1204,10
1203,10
1202,10
1201,10
1200,0
1199,0
1198,0
1197,0
1196,0
1195,0
1194,0
1193,0
1192,6
1191,4
1190,6
1189,4
1188,3
1187,3
1186,5
1185,7
1184,5
1183,6
1182,8
1181,7
1180,4
1179,4
1178,4
1177,3
1176,3
1175,7
1174,4
1173,5
1172,2
1171,4
1170,2
1169,3
1168,5
1167,5
1166,3
1165,0
1164,0
1163,0
1162,0
1161,5
1160,5
1159,5
1158,6
1157,0
1156,0
1155,0
1154,0
1153,0
1152,0
1151,0
1150,0
1149,0
1148,0
1147,0
1146,0
1145,0
1144,0
1143,0
1142,0
1141,0
1140,0
1139,0
1138,0
1137,0
1136,0
1135,0
1134,0
1133,0
1132,0
1131,10
1130,10
1129,0
1128,0
1127,0
1126,0
1125,0
1124,0
1123,10
1122,10
1121,10
1120,10
1119,10
1118,10
1117,0
1116,0
1115,0
1114,0
1113,0
1112,0
1111,0
1110,0
1109,0
1108,0
1107,0
1106,0
1105,0
1104,0
1103,0
1102,0
1101,0
1100,0
1099,0
1098,0
1097,0
1096,0
1095,0
1094,0
1093,0
1092,0
1091,0
1090,0
1089,0
1088,0
1087,0
1086,0
1085,0
1084,0
1083,0
1082,0
1081,0
1080,0
1079,0
1078,0
1077,10
1076,10
1075,0
1074,0
1073,0
1072,0
1071,10
1070,10
1069,10
1068,10
1067,10
1066,10
1065,10
1064,10
1063,10
1062,10
1061,10
1060,10
1059,10
1058,10
1057,10
1056,10
1055,10
1054,10
1053,10
1052,10
1051,0
1050,0
1049,0
1048,0
1047,0
1046,0
1045,0
1044,0
1043,4
1042,5
1041,4
1040,3
1039,4
1038,7
1037,4
1036,7
1035,3
1034,4
1033,6
1032,4
1031,4
1030,5
1029,4
1028,3
1027,6
1026,6
1025,4
1024,3
1023,4
1022,4
1021,5
1020,5
1019,5
1018,5
1017,2
1016,0
1015,0
1014,0
1013,0
1012,2
1011,4
1010,4
1009,4
1008,7
1007,5
1006,0
1005,0
1004,0
1003,0
1002,0
1001,0
1000,0
999,0
998,0
997,0
996,0
995,0
994,0
993,0
992,0
991,0
990,0
989,0
988,0
987,0
986,0
985,0
984,0
983,0
982,10
981,10
980,0
979,0
978,0
977,0
976,10
975,10
974,10
973,10
972,10
971,10
970,10
969,10
968,0
967,0
966,0
965,0
964,0
963,0
962,0
961,0
960,0
959,0
958,0
957,0
956,0
955,0
954,0
953,0
952,0
951,0
950,0
949,0
948,0
947,0
946,0
945,0
944,0
943,0
942,0
941,0
940,0
939,0
938,0
937,0
936,0
935,0
934,0
933,0
932,0
931,0
930,0
929,0
928,10
927,10
926,0
925,0
924,0
923,0
922,0
921,0
920,10
919,10
918,10
917,10
916,0
915,0
914,0
913,0
912,0
911,0
910,10
909,10
908,10
907,10
906,0
905,0
904,0
903,0
902,10
901,10
900,10
899,10
898,0
897,0
896,0
895,0
894,4
893,3
892,6
891,3
890,4
889,8
888,4
887,6
886,6
885,4
884,5
883,6
882,5
881,4
880,8
879,5
878,6
877,4
876,3
875,5
874,3
873,3
872,5
871,7
870,7
869,3
868,5
867,0
866,0
865,0
864,0
863,4
862,5
861,5
860,2
859,4
858,4
857,0
856,0
855,0
854,0
853,0
852,0
851,0
850,0
849,0
848,0
847,0
846,0
845,0
844,0
843,0
842,0
841,0
840,0
839,0
838,0
837,0
836,0
835,0
834,0
833,10
832,10
831,0
830,0
829,0
828,0
827,10
826,10
825,10
824,10
823,10
822,10
821,10
820,10
819,0
818,0
817,0
816,0
815,0
814,0
813,0
812,0
811,0
810,0
809,0
808,0
807,0
806,0
805,0
804,0
803,0
802,0
801,0
800,0
799,0
798,0
797,0
796,0
795,0
794,0
793,0
792,0
791,0
790,0
789,0
788,0
787,0
786,0
785,0
784,0
783,0
782,0
781,0
780,0
779,10
778,10
777,0
776,0
775,0
774,0
773,0
772,0
771,10
770,10
769,10
768,10
767,0
766,0
765,0
764,0
763,0
762,0
761,10
760,10
759,10
758,10
757,0
756,0
755,0
754,0
753,10
752,10
751,10
750,10
749,0
748,0
747,0
746,0
745,7
744,5
743,2
742,4
741,4
740,4
739,3
738,4
737,1
736,4
735,4
734,7
733,4
732,3
731,4
730,8
729,2
728,6
727,4
726,3
725,4
724,5
723,3
722,5
721,6
720,5
719,3
718,4
717,6
716,5
715,4
714,6
713,3
712,5
711,6
710,4
709,6
708,0
707,0
706,0
705,0
704,0
703,0
702,0
701,0
700,0
699,0
698,0
697,0
696,0
695,0
694,0
693,0
692,0
691,0
690,0
689,0
688,0
687,0
686,0
685,0
684,0
683,0
682,0
681,0
680,10
679,10
678,10
677,10
676,10
675,10
674,10
673,10
672,10
671,10
670,0
669,0
668,0
667,0
666,0
665,0
664,0
663,0
662,0
661,0
660,0
659,0
658,0
657,0
656,0
655,0
654,0
653,0
652,0
651,0
650,0
649,0
648,0
647,0
646,10
645,10
644,10
643,10
642,0
641,0
640,0
639,0
638,0
637,0
636,0
635,0
634,0
633,0
632,0
631,0
630,10
629,10
628,0
627,0
626,0
625,0
624,0
623,0
622,10
621,10
620,0
619,0
618,0
617,0
616,0
615,0
614,0
613,0
612,10
611,10
610,10
609,10
608,0
607,0
606,0
605,0
604,10
603,10
602,10
601,10
600,10
599,10
598,10
597,10
596,5
595,3
594,1
593,7
592,2
591,4
590,7
589,6
588,6
587,5
586,3
585,7
584,3
583,5
582,4
581,6
580,6
579,6
578,5
577,5
576,6
575,3
574,5
573,3
572,4
571,3
570,4
569,4
568,2
567,5
566,6
565,6
564,5
563,0
562,6
561,2
560,5
559,0
558,0
557,0
556,0
555,0
554,0
553,0
552,0
551,0
550,0
549,0
548,0
547,0
546,0
545,0
544,0
543,0
542,0
541,0
540,0
539,0
538,0
537,0
536,0
535,0
534,0
533,0
532,0
531,10
530,10
529,10
528,10
527,10
526,10
525,10
524,10
523,10
522,10
521,0
520,0
519,0
518,0
517,0
516,0
515,0
514,0
513,0
512,0
511,0
510,0
509,0
508,0
507,0
506,0
505,0
504,0
503,0
502,0
501,0
500,0
499,0
498,0
497,10
496,10
495,10
494,10
493,0
492,0
491,0
490,0
489,0
488,0
487,0
486,0
485,0
484,0
483,0
482,0
481,10
480,10
479,0
478,0
477,0
476,0
475,0
474,0
473,10
472,10
471,0
470,0
469,0
468,0
467,0
466,0
465,0
464,0
463,10
462,10
461,10
460,10
459,0
458,0
457,0
456,0
455,10
454,10
453,10
452,10
451,10
450,10
449,10
448,10
447,5
446,3
445,6
444,6
443,6
442,3
441,3
440,4
439,1
438,4
437,5
436,5
435,6
434,2
433,6
432,3
431,3
430,6
429,5
428,8
427,5
426,5
425,5
424,6
423,3
422,5
421,3
420,4
419,5
418,6
417,3
416,5
415,2
414,4
413,5
412,4
411,4
410,5
409,6
408,4
407,3
406,0
405,0
404,0
403,0
402,0
401,0
400,0
399,0
398,0
397,0
396,0
395,0
394,0
393,0
392,0
391,0
390,0
389,0
388,0
387,0
386,0
385,0
384,0
383,0
382,0
381,0
380,0
379,0
378,10
377,10
376,10
375,10
374,10
373,10
372,10
371,10
370,10
369,10
368,0
367,0
366,0
365,0
364,0
363,0
362,0
361,0
360,0
359,0
358,0
357,0
356,0
355,0
354,0
353,0
352,0
351,0
350,10
349,10
348,10
347,10
346,10
345,10
344,10
343,10
342,0
341,0
340,0
339,0
338,0
337,0
336,10
335,10
334,10
333,10
332,10
331,10
330,0
329,0
328,0
327,0
326,10
325,10
324,10
323,10
322,0
321,0
320,0
319,0
318,0
317,0
316,10
315,10
314,10
313,10
312,10
311,10
310,10
309,10
308,10
307,10
306,10
305,10
304,10
303,10
302,10
301,10
300,10
299,10
298,5
297,3
296,6
295,4
294,5
293,3
292,4
291,1
290,5
289,3
288,5
287,5
286,8
285,6
284,2
283,3
282,3
281,4
280,5
279,3
278,6
277,2
276,4
275,5
274,6
273,2
272,4
271,4
270,3
269,1
268,5
267,3
266,6
265,4
264,2
263,7
262,3
261,5
260,3
259,6
258,4
257,0
256,0
255,0
254,0
253,0
252,0
251,0
250,0
249,0
248,0
247,0
246,0
245,0
244,0
243,0
242,0
241,0
240,0
239,0
238,0
237,0
236,0
235,0
234,0
233,0
232,0
231,0
230,0
229,10
228,10
227,10
226,10
225,10
224,10
223,10
222,10
221,10
220,10
219,0
218,0
217,0
216,0
215,0
214,0
213,0
212,0
211,0
210,0
209,0
208,0
207,0
206,0
205,0
204,0
203,0
202,0
201,10
200,10
199,10
198,10
197,10
196,10
195,10
194,10
193,0
192,0
191,0
190,0
189,0
188,0
187,10
186,10
185,10
184,10
183,10
182,10
181,0
180,0
179,0
178,0
177,10
176,10
175,10
174,10
173,0
172,0
171,0
170,0
169,0
168,0
167,10
166,10
165,10
164,10
163,10
162,10
161,10
160,10
159,10
158,10
157,10
156,10
155,10
154,10
153,10
152,10
151,10
150,10
149,4
148,6
147,7
146,8
145,7
144,4
143,7
142,5
141,4
140,5
139,4
138,6
137,7
136,5
135,6
134,6
133,2
132,4
131,5
130,8
129,4
128,6
127,3
126,6
125,5
124,2
123,3
122,3
121,6
120,8
119,3
118,3
117,5
116,4
115,7
114,5
113,7
112,5
111,5
110,4
109,3
108,4
107,4
106,0
105,0
104,0
103,0
102,5
101,4
100,4
99,6
98,3
97,4
96,4
95,2
94,0
93,0
92,0
91,0
90,0
89,0
88,0
87,0
86,0
85,0
84,0
83,0
82,0
81,0
80,10
79,10
78,10
77,10
76,10
75,10
74,10
73,10
72,10
71,10
70,0
69,0
68,0
67,0
66,0
65,0
64,10
63,10
62,10
61,10
60,0
59,0
58,0
57,0
56,0
55,0
54,10
53,10
52,10
51,10
50,10
49,10
48,10
47,10
46,10
45,10
44,10
43,10
42,10
41,10
40,10
39,10
38,10
37,10
36,10
35,10
34,10
33,10
32,0
31,0
30,0
29,0
28,0
27,0
26,0
25,0
24,10
23,10
22,10
21,10
20,10
19,10
18,10
17,10
16,10
15,10
14,10
13,10
12,10
11,10
10,10
9,10
8,10
7,10
6,10
5,10
4,10
3,10
2,10
1,10
